1998	01	01	218.62
1998	01	02	218.67
1998	01	03	219.11
1998	01	04	219.2
1998	01	05	219.22
1998	01	06	219.07
1998	01	07	219.1
1998	01	08	219.04
1998	01	09	218.8
1998	01	10	218.51
1998	01	11	218.24
1998	01	12	218.24
1998	01	13	218.24
1998	01	14	218.24
1998	01	15	218.31
1998	01	16	218.29
1998	01	17	218.5
1998	01	18	218.32
1998	01	19	218.36
1998	01	20	218.73
1998	01	21	218.73
1998	01	22	218.73
1998	01	23	218.73
1998	01	24	218.73
1998	01	25	218.73
1998	01	26	218.73
1998	01	27	218.73
1998	01	28	218.73
1998	01	29	218.6
1998	01	30	218.6
1998	01	31	218.32
1998	02	01	217.89
1998	02	02	217.54
1998	02	03	217.23
1998	02	04	217.01
1998	02	05	216.88
1998	02	06	216.17
1998	02	07	215.42
1998	02	08	215.25
1998	02	09	214.31
1998	02	10	213.4
1998	02	11	212.89
1998	02	12	212.78
1998	02	13	212.09
1998	02	14	211.04
1998	02	15	210
1998	02	16	208.97
1998	02	17	208.49
1998	02	18	207.84
1998	02	19	207.84
1998	02	20	206.73
1998	02	21	205.57
1998	02	22	204.48
1998	02	23	206.65
1998	02	24	207.49
1998	02	25	207
1998	02	26	206.31
1998	02	27	205.04
1998	02	28	203.84
1998	03	01	203.71
1998	03	02	203.7
1998	03	03	203.38
1998	03	04	202.83
1998	03	05	202.81
1998	03	06	203.95
1998	03	07	203.34
1998	03	08	203.98
1998	03	09	207.01
1998	03	10	206.87
1998	03	11	204.76
1998	03	12	204.62
1998	03	13	205.84
1998	03	14	204.42
1998	03	15	203.75
1998	03	16	202.67
1998	03	17	202
1998	03	18	200.26
1998	03	19	198.68
1998	03	20	196.71
1998	03	21	194.33
1998	03	22	193.41
1998	03	23	190.86
1998	03	24	191.12
1998	03	25	190.47
1998	03	26	187.9
1998	03	27	185.4
1998	03	28	184.21
1998	03	29	182.09
1998	03	30	179.57
1998	03	31	177.29
1998	04	01	174.94
1998	04	02	173.93
1998	04	03	173.78
1998	04	04	173.74
1998	04	05	187.2
1998	04	06	185.78
1998	04	07	184.02
1998	04	08	195.69
1998	04	09	193.3
1998	04	10	190.94
1998	04	11	194.8
1998	04	12	199.39
1998	04	13	198.38
1998	04	14	197.6
1998	04	15	194.8
1998	04	16	199.02
1998	04	17	196.46
1998	04	18	196.05
1998	04	19	196.38
1998	04	20	195.37
1998	04	21	192.8
1998	04	22	191.83
1998	04	23	188.4
1998	04	24	185.95
1998	04	25	184.86
1998	04	26	182.44
1998	04	27	181.12
1998	04	28	181.52
1998	04	29	182.53
1998	04	30	180.34
1998	05	01	178.84
1998	05	02	178.38
1998	05	03	179.97
1998	05	04	176.69
1998	05	05	175.86
1998	05	06	171.93
1998	05	07	170.54
1998	05	08	166.53
1998	05	09	162.86
1998	05	10	159.3
1998	05	11	155.4
1998	05	12	151.96
1998	05	13	148.13
1998	05	14	144.29
1998	05	15	140.84
1998	05	16	136.77
1998	05	17	132.57
1998	05	18	128.47
1998	05	19	124.28
1998	05	20	120.59
1998	05	21	116.55
1998	05	22	113.03
1998	05	23	109.23
1998	05	24	105.05
1998	05	25	101.34
1998	05	26	97.27
1998	05	27	95.03
1998	05	28	100.09
1998	05	29	99.99
1998	05	30	99.99
1998	05	31	102.33
1998	06	01	114.37
1998	06	02	110.89
1998	06	03	112.9
1998	06	04	120.71
1998	06	05	118.69
1998	06	06	115.45
1998	06	07	113.7
1998	06	08	114.86
1998	06	09	111.02
1998	06	10	107.81
1998	06	11	123.89
1998	06	12	126.15
1998	06	13	126.73
1998	06	14	122.16
1998	06	15	121.08
1998	06	16	120.46
1998	06	17	119.23
1998	06	18	115.41
1998	06	19	112.27
1998	06	20	107.9
1998	06	21	103.65
1998	06	22	99.44
1998	06	23	96.32
1998	06	24	92.36
1998	06	25	88.38
1998	06	26	85.61
1998	06	27	83.62
1998	06	28	84.33
1998	06	29	83.03
1998	06	30	79.38
1998	07	01	77.5
1998	07	02	89.25
1998	07	03	96.89
1998	07	04	103.2
1998	07	05	99.26
1998	07	06	95.45
1998	07	07	91.4
1998	07	08	128.53
1998	07	09	127.25
1998	07	10	126.13
1998	07	11	123.66
1998	07	12	120.81
1998	07	13	116.83
1998	07	14	117.83
1998	07	15	114.25
1998	07	16	111.16
1998	07	17	110.21
1998	07	18	106.8
1998	07	19	103.38
1998	07	20	99.58
1998	07	21	96.13
1998	07	22	94.11
1998	07	23	91.08
1998	07	24	90.93
1998	07	25	88.12
1998	07	26	84.61
1998	07	27	81.03
1998	07	28	93.57
1998	07	29	92.49
1998	07	30	89.5
1998	07	31	88
1998	08	01	86.58
1998	08	02	96.59
1998	08	03	107.93
1998	08	04	110.57
1998	08	05	108.11
1998	08	06	105.33
1998	08	07	101.6
1998	08	08	97.93
1998	08	09	94.4
1998	08	10	91.01
1998	08	11	87.78
1998	08	12	84.6
1998	08	13	82.23
1998	08	14	80.76
1998	08	15	77.54
1998	08	16	74.54
1998	08	17	71.7
1998	08	18	69.01
1998	08	19	67.49
1998	08	20	64.68
1998	08	21	62.35
1998	08	22	63.65
1998	08	23	65.19
1998	08	24	73.23
1998	08	25	80.98
1998	08	26	77.85
1998	08	27	74.77
1998	08	28	73.46
1998	08	29	70.38
1998	08	30	67.43
1998	08	31	64.95
1998	09	01	62.1
1998	09	02	60.66
1998	09	03	59.24
1998	09	04	64.29
1998	09	05	82.77
1998	09	06	91.81
1998	09	07	89.71
1998	09	08	91.74
1998	09	09	89.76
1998	09	10	87.53
1998	09	11	89.23
1998	09	12	110.52
1998	09	13	112.67
1998	09	14	113.04
1998	09	15	117.65
1998	09	16	118.08
1998	09	17	117.31
1998	09	18	117.23
1998	09	19	114.76
1998	09	20	112.82
1998	09	21	110.87
1998	09	22	110.39
1998	09	23	110.17
1998	09	24	109.54
1998	09	25	108.74
1998	09	26	107.7
1998	09	27	118.99
1998	09	28	123.59
1998	09	29	126.7
1998	09	30	125.56
1998	10	01	155.08
1998	10	02	156.41
1998	10	03	157.94
1998	10	04	167.58
1998	10	05	170.73
1998	10	06	169.97
1998	10	07	173.6
1998	10	08	175.4
1998	10	09	175.46
1998	10	10	174.15
1998	10	11	173.7
1998	10	12	177.31
1998	10	13	176.58
1998	10	14	175.08
1998	10	15	174.92
1998	10	16	173.75
1998	10	17	173.07
1998	10	18	176.03
1998	10	19	177.89
1998	10	20	177.5
1998	10	21	176.39
1998	10	22	176.18
1998	10	23	175.3
1998	10	24	178.45
1998	10	25	184.26
1998	10	26	193
1998	10	27	200.41
1998	10	28	200.18
1998	10	29	200.37
1998	10	30	204.45
1998	10	31	206.68
1998	11	01	206.92
1998	11	02	209.25
1998	11	03	208.5
1998	11	04	213.26
1998	11	05	215.86
1998	11	06	215.53
1998	11	07	214.71
1998	11	08	213.92
1998	11	09	213.36
1998	11	10	213.39
1998	11	11	215.24
1998	11	12	214.68
1998	11	13	214.94
1998	11	14	214.95
1998	11	15	215.91
1998	11	16	216.3
1998	11	17	216.54
1998	11	18	216.05
1998	11	19	216.05
1998	11	20	215.82
1998	11	21	215.57
1998	11	22	215.47
1998	11	23	215.2
1998	11	24	214.84
1998	11	25	214.84
1998	11	26	214.84
1998	11	27	214.84
1998	11	28	215.64
1998	11	29	215.64
1998	11	30	215.64
1998	12	01	215.67
1998	12	02	215.67
1998	12	03	215.67
1998	12	04	215.67
1998	12	05	215.67
1998	12	06	215.67
1998	12	07	215.67
1998	12	08	215.67
1998	12	09	215.4
1998	12	10	215.4
1998	12	11	215.4
1998	12	12	216.57
1998	12	13	217.47
1998	12	14	217.83
1998	12	15	217.84
1998	12	16	217.84
1998	12	17	217.86
1998	12	18	217.86
1998	12	19	217.86
1998	12	20	217.94
1998	12	21	217.95
1998	12	22	217.95
1998	12	23	217.75
1998	12	24	217.72
1998	12	25	217.72
1998	12	26	217.72
1998	12	27	217.96
1998	12	28	218.04
1998	12	29	217.92
1998	12	30	217.75
1998	12	31	217.75
1999	01	01	217.75
1999	01	02	217.75
1999	01	03	217.76
1999	01	04	217.96
1999	01	05	218.01
1999	01	06	217.9
1999	01	07	217.63
1999	01	08	217.65
1999	01	09	217.98
1999	01	10	218.02
1999	01	11	218.02
1999	01	12	218.04
1999	01	13	218.04
1999	01	14	218.04
1999	01	15	218.27
1999	01	16	217.98
1999	01	17	217.67
1999	01	18	217.62
1999	01	19	217.62
1999	01	20	217.62
1999	01	21	217.62
1999	01	22	217.62
1999	01	23	217.62
1999	01	24	217.62
1999	01	25	217.62
1999	01	26	217.72
1999	01	27	217.99
1999	01	28	218.18
1999	01	29	218.62
1999	01	30	218.62
1999	01	31	218.03
1999	02	01	217.42
1999	02	02	216.76
1999	02	03	216.48
1999	02	04	216.12
1999	02	05	215.71
1999	02	06	216.36
1999	02	07	217.12
1999	02	08	217.47
1999	02	09	217.31
1999	02	10	217.35
1999	02	11	216.49
1999	02	12	215.77
1999	02	13	214.62
1999	02	14	213.54
1999	02	15	212.76
1999	02	16	211.62
1999	02	17	211.63
1999	02	18	212.55
1999	02	19	213.72
1999	02	20	215.52
1999	02	21	216.52
1999	02	22	217.28
1999	02	23	218.03
1999	02	24	217.31
1999	02	25	217.31
1999	02	26	217
1999	02	27	216.35
1999	02	28	215.52
1999	03	01	215.68
1999	03	02	215.18
1999	03	03	214.52
1999	03	04	213.98
1999	03	05	216.49
1999	03	06	215.97
1999	03	07	215.67
1999	03	08	214.42
1999	03	09	214.44
1999	03	10	213.72
1999	03	11	213.66
1999	03	12	213.51
1999	03	13	212.65
1999	03	14	210.82
1999	03	15	209.21
1999	03	16	207.22
1999	03	17	205.87
1999	03	18	203.8
1999	03	19	201.59
1999	03	20	201.7
1999	03	21	199.89
1999	03	22	199.26
1999	03	23	200.04
1999	03	24	200.2
1999	03	25	198.23
1999	03	26	197.29
1999	03	27	198.29
1999	03	28	200.3
1999	03	29	200.27
1999	03	30	199.06
1999	03	31	196.66
1999	04	01	194.17
1999	04	02	191.57
1999	04	03	189.69
1999	04	04	188.16
1999	04	05	188.89
1999	04	06	186.52
1999	04	07	184.02
1999	04	08	198.6
1999	04	09	197.83
1999	04	10	195.61
1999	04	11	192.55
1999	04	12	193.45
1999	04	13	196.68
1999	04	14	198.45
1999	04	15	196.09
1999	04	16	197.92
1999	04	17	200.74
1999	04	18	200.12
1999	04	19	201.47
1999	04	20	202.79
1999	04	21	202.6
1999	04	22	206.06
1999	04	23	202.88
1999	04	24	200.58
1999	04	25	199.71
1999	04	26	196.63
1999	04	27	197.11
1999	04	28	197.72
1999	04	29	196.5
1999	04	30	195.35
1999	05	01	194.34
1999	05	02	190.98
1999	05	03	188.1
1999	05	04	185.27
1999	05	05	184.05
1999	05	06	182.67
1999	05	07	179.47
1999	05	08	176.81
1999	05	09	186.73
1999	05	10	183.9
1999	05	11	182.66
1999	05	12	190.99
1999	05	13	196.95
1999	05	14	195.92
1999	05	15	205.18
1999	05	16	203.71
1999	05	17	199.5
1999	05	18	199.92
1999	05	19	196.61
1999	05	20	199.42
1999	05	21	201.18
1999	05	22	200.5
1999	05	23	201.47
1999	05	24	198.65
1999	05	25	194.61
1999	05	26	191.38
1999	05	27	187.26
1999	05	28	183.23
1999	05	29	179.89
1999	05	30	176.55
1999	05	31	172.8
1999	06	01	174.05
1999	06	02	172.13
1999	06	03	180.31
1999	06	04	180.57
1999	06	05	182.73
1999	06	06	183.07
1999	06	07	191.64
1999	06	08	193.81
1999	06	09	197.74
1999	06	10	193.41
1999	06	11	196.33
1999	06	12	192.22
1999	06	13	188.71
1999	06	14	186.75
1999	06	15	185.19
1999	06	16	183.86
1999	06	17	179.83
1999	06	18	175.88
1999	06	19	173.02
1999	06	20	168.56
1999	06	21	165.01
1999	06	22	172.45
1999	06	23	168.19
1999	06	24	163.69
1999	06	25	159.06
1999	06	26	154.58
1999	06	27	157.36
1999	06	28	164.21
1999	06	29	162.59
1999	06	30	160.43
1999	07	01	158.72
1999	07	02	154.43
1999	07	03	150.05
1999	07	04	146.02
1999	07	05	151.7
1999	07	06	169.41
1999	07	07	176.07
1999	07	08	175.82
1999	07	09	172.37
1999	07	10	168.9
1999	07	11	167.3
1999	07	12	164.06
1999	07	13	162.88
1999	07	14	167.93
1999	07	15	176.33
1999	07	16	173.09
1999	07	17	169.13
1999	07	18	164.89
1999	07	19	161.72
1999	07	20	162.14
1999	07	21	159.21
1999	07	22	156.18
1999	07	23	155.06
1999	07	24	152.71
1999	07	25	148.59
1999	07	26	144.41
1999	07	27	140.36
1999	07	28	138.3
1999	07	29	137.92
1999	07	30	134.51
1999	07	31	130.61
1999	08	01	127.66
1999	08	02	123.96
1999	08	03	120.47
1999	08	04	121.75
1999	08	05	120.94
1999	08	06	119.24
1999	08	07	126.02
1999	08	08	122.63
1999	08	09	132.96
1999	08	10	141.55
1999	08	11	161.51
1999	08	12	164.03
1999	08	13	162.46
1999	08	14	159.56
1999	08	15	158.36
1999	08	16	157.57
1999	08	17	167.91
1999	08	18	167.29
1999	08	19	168.88
1999	08	20	173.3
1999	08	21	180.43
1999	08	22	177.1
1999	08	23	173.9
1999	08	24	172.63
1999	08	25	169.82
1999	08	26	167.35
1999	08	27	168.52
1999	08	28	166.48
1999	08	29	165.83
1999	08	30	163.46
1999	08	31	160.75
1999	09	01	157.82
1999	09	02	155.03
1999	09	03	152.09
1999	09	04	149.14
1999	09	05	146.81
1999	09	06	144.3
1999	09	07	143.43
1999	09	08	141.53
1999	09	09	138.94
1999	09	10	136.39
1999	09	11	133.9
1999	09	12	131.58
1999	09	13	129.24
1999	09	14	126.86
1999	09	15	125.1
1999	09	16	124.78
1999	09	17	127.31
1999	09	18	126.36
1999	09	19	125.29
1999	09	20	125.24
1999	09	21	129.56
1999	09	22	131.45
1999	09	23	129.98
1999	09	24	141.66
1999	09	25	152.16
1999	09	26	196.37
1999	09	27	199.34
1999	09	28	198.56
1999	09	29	200.71
1999	09	30	200.88
1999	10	01	206.07
1999	10	02	205.63
1999	10	03	205.03
1999	10	04	211.16
1999	10	05	211.51
1999	10	06	211.78
1999	10	07	210.14
1999	10	08	208.59
1999	10	09	207.24
1999	10	10	206.96
1999	10	11	205.63
1999	10	12	205.16
1999	10	13	205.19
1999	10	14	205.21
1999	10	15	204.99
1999	10	16	204.96
1999	10	17	204.96
1999	10	18	204.96
1999	10	19	205.14
1999	10	20	208.74
1999	10	21	208.81
1999	10	22	208.83
1999	10	23	208.93
1999	10	24	211.44
1999	10	25	215.67
1999	10	26	217.27
1999	10	27	216.53
1999	10	28	216.5
1999	10	29	215.88
1999	10	30	215.42
1999	10	31	215.67
1999	11	01	215.96
1999	11	02	215.27
1999	11	03	216.5
1999	11	04	217.24
1999	11	05	217.25
1999	11	06	216.96
1999	11	07	217.79
1999	11	08	217.54
1999	11	09	216.95
1999	11	10	217
1999	11	11	217.19
1999	11	12	217.24
1999	11	13	217.27
1999	11	14	217.31
1999	11	15	217.34
1999	11	16	217.38
1999	11	17	217.45
1999	11	18	217.46
1999	11	19	217.51
1999	11	20	217.51
1999	11	21	217.08
1999	11	22	217.08
1999	11	23	216.87
1999	11	24	216.87
1999	11	25	216.63
1999	11	26	216.63
1999	11	27	216.63
1999	11	28	216.55
1999	11	29	216.55
1999	11	30	216.55
1999	12	01	216.55
1999	12	02	216.4
1999	12	03	217.35
1999	12	04	217.12
1999	12	05	217.37
1999	12	06	217.38
1999	12	07	217.38
1999	12	08	217.19
1999	12	09	217.12
1999	12	10	217.36
1999	12	11	217.58
1999	12	12	217.79
1999	12	13	218.05
1999	12	14	218.1
1999	12	15	218.24
1999	12	16	218.24
1999	12	17	218.24
1999	12	18	218.24
1999	12	19	218.43
1999	12	20	218.75
1999	12	21	218.75
1999	12	22	218.68
1999	12	23	218.59
1999	12	24	218.59
1999	12	25	218.62
1999	12	26	218.82
1999	12	27	219.21
1999	12	28	219.47
1999	12	29	219.55
1999	12	30	219.55
1999	12	31	219.35
2000	01	01	219.35
2000	01	02	219.35
2000	01	03	219.38
2000	01	04	219.37
2000	01	05	219.37
2000	01	06	219.41
2000	01	07	219.42
2000	01	08	219.42
2000	01	09	219.43
2000	01	10	219.43
2000	01	11	219.45
2000	01	12	219.46
2000	01	13	219.42
2000	01	14	219.18
2000	01	15	218.89
2000	01	16	218.89
2000	01	17	218.89
2000	01	18	218.6
2000	01	19	218.65
2000	01	20	218.33
2000	01	21	217.94
2000	01	22	217.94
2000	01	23	217.94
2000	01	24	217.94
2000	01	25	217.44
2000	01	26	217.44
2000	01	27	217.23
2000	01	28	216.95
2000	01	29	216.95
2000	01	30	217.26
2000	01	31	217.46
2000	02	01	217.12
2000	02	02	217.12
2000	02	03	217.45
2000	02	04	216.68
2000	02	05	215.89
2000	02	06	215.2
2000	02	07	214.72
2000	02	08	214.78
2000	02	09	216.32
2000	02	10	216.46
2000	02	11	215.51
2000	02	12	216.27
2000	02	13	216.3
2000	02	14	216.5
2000	02	15	215.53
2000	02	16	215.76
2000	02	17	216.76
2000	02	18	216.69
2000	02	19	217.44
2000	02	20	217.82
2000	02	21	217.83
2000	02	22	216.52
2000	02	23	215.17
2000	02	24	213.81
2000	02	25	213.83
2000	02	26	213.95
2000	02	27	213.65
2000	02	28	212.88
2000	03	01	211.45
2000	03	02	214.07
2000	03	03	212.71
2000	03	04	211.56
2000	03	05	211.58
2000	03	06	209.62
2000	03	07	207.72
2000	03	08	206.67
2000	03	09	205.48
2000	03	10	204.2
2000	03	11	203.1
2000	03	12	201.47
2000	03	13	199.66
2000	03	14	197.68
2000	03	15	198.79
2000	03	16	198.4
2000	03	17	197.86
2000	03	18	197.69
2000	03	19	197.87
2000	03	20	196.66
2000	03	21	194.33
2000	03	22	192.02
2000	03	23	189.72
2000	03	24	189.43
2000	03	25	188.34
2000	03	26	186.13
2000	03	27	185.92
2000	03	28	185.43
2000	03	29	185.03
2000	03	30	184.99
2000	03	31	184.5
2000	04	01	182.54
2000	04	02	182.18
2000	04	03	179.73
2000	04	04	178.82
2000	04	05	178.51
2000	04	06	181.35
2000	04	07	181.42
2000	04	08	178.3
2000	04	09	175.21
2000	04	10	173.82
2000	04	11	171.75
2000	04	12	186.53
2000	04	13	190.77
2000	04	14	195.4
2000	04	15	192.16
2000	04	16	191.7
2000	04	17	190.93
2000	04	18	191.5
2000	04	19	190.36
2000	04	20	188.44
2000	04	21	184.92
2000	04	22	181.49
2000	04	23	178.25
2000	04	24	189.82
2000	04	25	190.6
2000	04	26	187.38
2000	04	27	183.92
2000	04	28	182.52
2000	04	29	180.41
2000	04	30	179.75
2000	05	01	176.07
2000	05	02	172.48
2000	05	03	169.13
2000	05	04	166.12
2000	05	05	165.01
2000	05	06	166.8
2000	05	07	165.2
2000	05	08	164.88
2000	05	09	162.18
2000	05	10	158.56
2000	05	11	154.92
2000	05	12	176.7
2000	05	13	175.79
2000	05	14	172.52
2000	05	15	168.93
2000	05	16	165.06
2000	05	17	161.05
2000	05	18	161.95
2000	05	19	163.88
2000	05	20	161.94
2000	05	21	158.63
2000	05	22	158.23
2000	05	23	154.26
2000	05	24	149.86
2000	05	25	145.7
2000	05	26	145.39
2000	05	27	141.54
2000	05	28	157.54
2000	05	29	160.74
2000	05	30	159.5
2000	05	31	167.18
2000	06	01	173.19
2000	06	02	168.71
2000	06	03	164.66
2000	06	04	169.97
2000	06	05	167.99
2000	06	06	181.11
2000	06	07	182.49
2000	06	08	177.92
2000	06	09	173.47
2000	06	10	169.28
2000	06	11	166.1
2000	06	12	170.27
2000	06	13	168.84
2000	06	14	170.67
2000	06	15	167.35
2000	06	16	162.85
2000	06	17	158.38
2000	06	18	153.73
2000	06	19	149.29
2000	06	20	145.32
2000	06	21	141.01
2000	06	22	136.67
2000	06	23	134.63
2000	06	24	132.4
2000	06	25	131.54
2000	06	26	129.43
2000	06	27	125.32
2000	06	28	121.37
2000	06	29	128.06
2000	06	30	124.07
2000	07	01	120.09
2000	07	02	116.71
2000	07	03	112.8
2000	07	04	135.42
2000	07	05	150.6
2000	07	06	147.06
2000	07	07	142.77
2000	07	08	140.77
2000	07	09	142.08
2000	07	10	143.16
2000	07	11	177.57
2000	07	12	177.34
2000	07	13	176.59
2000	07	14	175.99
2000	07	15	189.46
2000	07	16	187.88
2000	07	17	188.82
2000	07	18	184.35
2000	07	19	180.23
2000	07	20	176.12
2000	07	21	172.08
2000	07	22	167.8
2000	07	23	163.77
2000	07	24	162.16
2000	07	25	165.11
2000	07	26	163.64
2000	07	27	162.44
2000	07	28	169.8
2000	07	29	172.29
2000	07	30	185
2000	07	31	181
2000	08	01	176.88
2000	08	02	172.89
2000	08	03	174.84
2000	08	04	174.98
2000	08	05	171.31
2000	08	06	179.75
2000	08	07	180.32
2000	08	08	176.85
2000	08	09	174.2
2000	08	10	170.5
2000	08	11	167.14
2000	08	12	163.58
2000	08	13	160.1
2000	08	14	156.75
2000	08	15	153.57
2000	08	16	150.78
2000	08	17	147.37
2000	08	18	148.25
2000	08	19	148.73
2000	08	20	145.94
2000	08	21	143.03
2000	08	22	172.96
2000	08	23	169.87
2000	08	24	166.84
2000	08	25	163.55
2000	08	26	160.26
2000	08	27	157.59
2000	08	28	165.38
2000	08	29	162.27
2000	08	30	159.47
2000	08	31	159.68
2000	09	01	169.24
2000	09	02	166.61
2000	09	03	169.2
2000	09	04	171.88
2000	09	05	170.18
2000	09	06	167.21
2000	09	07	167.54
2000	09	08	165.59
2000	09	09	162.72
2000	09	10	160.06
2000	09	11	157.41
2000	09	12	154.88
2000	09	13	153.02
2000	09	14	150.91
2000	09	15	148.92
2000	09	16	146.74
2000	09	17	146.33
2000	09	18	144.11
2000	09	19	141.66
2000	09	20	141.23
2000	09	21	166.66
2000	09	22	165.48
2000	09	23	163.31
2000	09	24	161.11
2000	09	25	159.67
2000	09	26	158.61
2000	09	27	156.93
2000	09	28	155.34
2000	09	29	153.64
2000	09	30	152.48
2000	10	01	164.3
2000	10	02	172.5
2000	10	03	171.83
2000	10	04	172.5
2000	10	05	170.88
2000	10	06	173.19
2000	10	07	172.28
2000	10	08	170.76
2000	10	09	175.61
2000	10	10	175.65
2000	10	11	183.02
2000	10	12	199.74
2000	10	13	203.71
2000	10	14	207.55
2000	10	15	208.73
2000	10	16	210.02
2000	10	17	209.47
2000	10	18	208.97
2000	10	19	208.04
2000	10	20	208.12
2000	10	21	207.87
2000	10	22	207.87
2000	10	23	207.65
2000	10	24	207.67
2000	10	25	208.93
2000	10	26	208
2000	10	27	208.44
2000	10	28	207.77
2000	10	29	207.46
2000	10	30	208.1
2000	10	31	207.72
2000	11	01	211.75
2000	11	02	210.99
2000	11	03	211.03
2000	11	04	214.61
2000	11	05	214.38
2000	11	06	213.61
2000	11	07	215.45
2000	11	08	215.26
2000	11	09	214.64
2000	11	10	214.62
2000	11	11	214.52
2000	11	12	213.88
2000	11	13	213.9
2000	11	14	214.24
2000	11	15	216.6
2000	11	16	216.61
2000	11	17	216.65
2000	11	18	217.4
2000	11	19	216.91
2000	11	20	217.02
2000	11	21	217.72
2000	11	22	217.82
2000	11	23	218.23
2000	11	24	218.34
2000	11	25	218.46
2000	11	26	218.35
2000	11	27	218.54
2000	11	28	218.56
2000	11	29	218.47
2000	11	30	218.48
2000	12	01	218.5
2000	12	02	218.57
2000	12	03	218.6
2000	12	04	218.62
2000	12	05	218.63
2000	12	06	218.65
2000	12	07	218.87
2000	12	08	218.93
2000	12	09	219.14
2000	12	10	219.19
2000	12	11	219.23
2000	12	12	219.19
2000	12	13	219.2
2000	12	14	219.21
2000	12	15	219.27
2000	12	16	219.39
2000	12	17	219.41
2000	12	18	219.42
2000	12	19	219.42
2000	12	20	219.42
2000	12	21	219.43
2000	12	22	219.44
2000	12	23	219.45
2000	12	24	219.45
2000	12	25	219.45
2000	12	26	219.6
2000	12	27	219.62
2000	12	28	219.62
2000	12	29	219.63
2000	12	30	219.63
2000	12	31	219.63
2001	01	01	219.51
2001	01	02	219.51
2001	01	03	219.77
2001	01	04	219.78
2001	01	05	219.8
2001	01	06	219.82
2001	01	07	219.92
2001	01	08	219.92
2001	01	09	219.92
2001	01	10	219.79
2001	01	11	219.79
2001	01	12	219.81
2001	01	13	219.83
2001	01	14	219.83
2001	01	15	219.83
2001	01	16	219.83
2001	01	17	219.67
2001	01	18	219.67
2001	01	19	219.67
2001	01	20	219.69
2001	01	21	219.74
2001	01	22	219.74
2001	01	23	219.57
2001	01	24	219.64
2001	01	25	219.75
2001	01	26	219.8
2001	01	27	219.29
2001	01	28	219.04
2001	01	29	218.71
2001	01	30	218.4
2001	01	31	218.3
2001	02	01	217.77
2001	02	02	217.43
2001	02	03	217.26
2001	02	04	218.05
2001	02	05	217.96
2001	02	06	218.16
2001	02	07	217.85
2001	02	08	217.87
2001	02	09	218.31
2001	02	10	217.95
2001	02	11	217
2001	02	12	216.11
2001	02	13	215.47
2001	02	14	215.61
2001	02	15	215.66
2001	02	16	215.03
2001	02	17	214.7
2001	02	18	214.39
2001	02	19	214.22
2001	02	20	213.25
2001	02	21	212.22
2001	02	22	211.24
2001	02	23	211.3
2001	02	24	211.48
2001	02	25	211.2
2001	02	26	210.54
2001	02	27	209.08
2001	02	28	208.17
2001	03	01	208.19
2001	03	02	209.49
2001	03	03	209.18
2001	03	04	213.46
2001	03	05	217.48
2001	03	06	217.45
2001	03	07	216.24
2001	03	08	216.04
2001	03	09	217.59
2001	03	10	216.76
2001	03	11	216.71
2001	03	12	217.54
2001	03	13	218.76
2001	03	14	218.09
2001	03	15	218.2
2001	03	16	218.12
2001	03	17	216.63
2001	03	18	217.73
2001	03	19	217.22
2001	03	20	216.74
2001	03	21	217.59
2001	03	22	218.38
2001	03	23	217.78
2001	03	24	217.91
2001	03	25	217.05
2001	03	26	216.44
2001	03	27	216.64
2001	03	28	214.74
2001	03	29	213.81
2001	03	30	215.65
2001	03	31	215.26
2001	04	01	212.44
2001	04	02	209.39
2001	04	03	206.58
2001	04	04	205.21
2001	04	05	207.96
2001	04	06	205.79
2001	04	07	206.07
2001	04	08	210.36
2001	04	09	210.41
2001	04	10	210.55
2001	04	11	210.88
2001	04	12	209.58
2001	04	13	208.34
2001	04	14	205.31
2001	04	15	202.06
2001	04	16	203.39
2001	04	17	203.18
2001	04	18	200.73
2001	04	19	199.86
2001	04	20	199.31
2001	04	21	196.77
2001	04	22	197.13
2001	04	23	195.76
2001	04	24	195.75
2001	04	25	194.2
2001	04	26	205.14
2001	04	27	203.54
2001	04	28	201.66
2001	04	29	199.06
2001	04	30	198.28
2001	05	01	196.42
2001	05	02	195.8
2001	05	03	193.37
2001	05	04	192.1
2001	05	05	190.34
2001	05	06	189.93
2001	05	07	188.92
2001	05	08	187.96
2001	05	09	186.64
2001	05	10	184.32
2001	05	11	181.56
2001	05	12	177.59
2001	05	13	173.58
2001	05	14	169.69
2001	05	15	168.72
2001	05	16	177.2
2001	05	17	180.54
2001	05	18	191.04
2001	05	19	191.55
2001	05	20	187.13
2001	05	21	183.51
2001	05	22	179.94
2001	05	23	176.83
2001	05	24	173.05
2001	05	25	173.79
2001	05	26	171.79
2001	05	27	167.74
2001	05	28	163.87
2001	05	29	159.83
2001	05	30	155.55
2001	05	31	151.32
2001	06	01	153.61
2001	06	02	149.57
2001	06	03	163.04
2001	06	04	162.27
2001	06	05	157.65
2001	06	06	153.69
2001	06	07	160.15
2001	06	08	156.49
2001	06	09	171.83
2001	06	10	191.33
2001	06	11	199.16
2001	06	12	195.14
2001	06	13	190.49
2001	06	14	192.81
2001	06	15	189.91
2001	06	16	191.28
2001	06	17	192.71
2001	06	18	192.21
2001	06	19	193.38
2001	06	20	190.29
2001	06	21	185.87
2001	06	22	181.39
2001	06	23	177.16
2001	06	24	172.83
2001	06	25	168.45
2001	06	26	164.07
2001	06	27	159.78
2001	06	28	158.65
2001	06	29	164.51
2001	06	30	160.19
2001	07	01	156.83
2001	07	02	152.46
2001	07	03	148.09
2001	07	04	143.85
2001	07	05	140.67
2001	07	06	137.72
2001	07	07	134.23
2001	07	08	143.59
2001	07	09	144.4
2001	07	10	140.84
2001	07	11	137.49
2001	07	12	136.08
2001	07	13	132.77
2001	07	14	143.11
2001	07	15	153.01
2001	07	16	183.96
2001	07	17	182.59
2001	07	18	179.45
2001	07	19	187.83
2001	07	20	184.51
2001	07	21	184.3
2001	07	22	180.05
2001	07	23	175.87
2001	07	24	182.05
2001	07	25	178.4
2001	07	26	174.58
2001	07	27	171.09
2001	07	28	167.63
2001	07	29	170.81
2001	07	30	167.5
2001	07	31	163.81
2001	08	01	160.49
2001	08	02	156.81
2001	08	03	154.99
2001	08	04	166.07
2001	08	05	166.92
2001	08	06	163.66
2001	08	07	163
2001	08	08	160.17
2001	08	09	167.35
2001	08	10	168.77
2001	08	11	165.93
2001	08	12	162.22
2001	08	13	158.52
2001	08	14	154.95
2001	08	15	151.54
2001	08	16	148.43
2001	08	17	146.62
2001	08	18	148.64
2001	08	19	145.49
2001	08	20	162.9
2001	08	21	163.12
2001	08	22	159.96
2001	08	23	156.73
2001	08	24	154.05
2001	08	25	150.98
2001	08	26	147.9
2001	08	27	144.78
2001	08	28	141.98
2001	08	29	139.21
2001	08	30	141.81
2001	08	31	148.01
2001	09	01	156.02
2001	09	02	155.02
2001	09	03	152
2001	09	04	149.05
2001	09	05	165.96
2001	09	06	166.76
2001	09	07	167.04
2001	09	08	170.04
2001	09	09	174.49
2001	09	10	174.06
2001	09	11	172.23
2001	09	12	170.57
2001	09	13	169.9
2001	09	14	170.13
2001	09	15	171.22
2001	09	16	169.11
2001	09	17	176.01
2001	09	18	177.67
2001	09	19	175.95
2001	09	20	175.51
2001	09	21	178.95
2001	09	22	179.32
2001	09	23	179.81
2001	09	24	190.86
2001	09	25	193.89
2001	09	26	192.82
2001	09	27	190.85
2001	09	28	189.32
2001	09	29	187.78
2001	09	30	191.45
2001	10	01	191.57
2001	10	02	190.2
2001	10	03	188.38
2001	10	04	195.04
2001	10	05	195.72
2001	10	06	195.63
2001	10	07	195.07
2001	10	08	199.98
2001	10	09	202.83
2001	10	10	203.89
2001	10	11	202.83
2001	10	12	202.25
2001	10	13	201.41
2001	10	14	201
2001	10	15	200.48
2001	10	16	199.35
2001	10	17	198.21
2001	10	18	197.51
2001	10	19	197.46
2001	10	20	196.97
2001	10	21	197.1
2001	10	22	198.47
2001	10	23	197.38
2001	10	24	198.24
2001	10	25	199.87
2001	10	26	201.05
2001	10	27	200.57
2001	10	28	199.95
2001	10	29	199.2
2001	10	30	198.58
2001	10	31	197.74
2001	11	01	200.58
2001	11	02	199.83
2001	11	03	198.98
2001	11	04	198.3
2001	11	05	198.43
2001	11	06	198.5
2001	11	07	198.14
2001	11	08	199.84
2001	11	09	204.04
2001	11	10	204.01
2001	11	11	204.02
2001	11	12	204.02
2001	11	13	204.19
2001	11	14	205.78
2001	11	15	205.71
2001	11	16	205.71
2001	11	17	205.71
2001	11	18	205.71
2001	11	19	205.72
2001	11	20	205.72
2001	11	21	205.74
2001	11	22	205.77
2001	11	23	207.61
2001	11	24	207.78
2001	11	25	207.79
2001	11	26	208.04
2001	11	27	208.19
2001	11	28	209.65
2001	11	29	209.86
2001	11	30	209.72
2001	12	01	212.74
2001	12	02	213.17
2001	12	03	213.29
2001	12	04	213.35
2001	12	05	213.58
2001	12	06	213.71
2001	12	07	213.86
2001	12	08	213.75
2001	12	09	213.83
2001	12	10	213.83
2001	12	11	213.83
2001	12	12	213.83
2001	12	13	214.15
2001	12	14	214.05
2001	12	15	213.96
2001	12	16	213.96
2001	12	17	213.96
2001	12	18	213.86
2001	12	19	213.86
2001	12	20	213.86
2001	12	21	213.86
2001	12	22	213.81
2001	12	23	213.81
2001	12	24	213.81
2001	12	25	213.64
2001	12	26	213.66
2001	12	27	213.67
2001	12	28	213.62
2001	12	29	214.6
2001	12	30	215.57
2001	12	31	215.55
2002	01	01	215.48
2002	01	02	215.27
2002	01	03	215.03
2002	01	04	214.85
2002	01	05	214.85
2002	01	06	214.85
2002	01	07	214.85
2002	01	08	214.85
2002	01	09	214.85
2002	01	10	214.85
2002	01	11	214.85
2002	01	12	214.85
2002	01	13	214.77
2002	01	14	214.77
2002	01	15	214.77
2002	01	16	214.77
2002	01	17	214.77
2002	01	18	214.77
2002	01	19	214.77
2002	01	20	214.77
2002	01	21	215.73
2002	01	22	215.35
2002	01	23	215.43
2002	01	24	215.75
2002	01	25	216.85
2002	01	26	216.61
2002	01	27	216.58
2002	01	28	217.39
2002	01	29	217.4
2002	01	30	217.24
2002	01	31	216.86
2002	02	01	216.81
2002	02	02	216.57
2002	02	03	215.98
2002	02	04	215.37
2002	02	05	215.3
2002	02	06	215.34
2002	02	07	216.4
2002	02	08	216.33
2002	02	09	216.59
2002	02	10	216.64
2002	02	11	216.96
2002	02	12	216.42
2002	02	13	216.09
2002	02	14	215.43
2002	02	15	215.46
2002	02	16	215.52
2002	02	17	215.5
2002	02	18	214.6
2002	02	19	213.75
2002	02	20	213.43
2002	02	21	214.78
2002	02	22	214.69
2002	02	23	214.68
2002	02	24	215.48
2002	02	25	215.46
2002	02	26	215.48
2002	02	27	215.64
2002	02	28	216.63
2002	03	01	215.71
2002	03	02	217.64
2002	03	03	217.89
2002	03	04	217.08
2002	03	05	215.57
2002	03	06	214.91
2002	03	07	213.62
2002	03	08	212.78
2002	03	09	211.02
2002	03	10	209.81
2002	03	11	207.8
2002	03	12	205.95
2002	03	13	204.32
2002	03	14	202.5
2002	03	15	202.53
2002	03	16	201.89
2002	03	17	200.68
2002	03	18	199.01
2002	03	19	198.4
2002	03	20	203.35
2002	03	21	202.91
2002	03	22	203.85
2002	03	23	204.4
2002	03	24	202.48
2002	03	25	200.32
2002	03	26	197.91
2002	03	27	195.23
2002	03	28	192.69
2002	03	29	190.22
2002	03	30	187.65
2002	03	31	187.7
2002	04	01	185.23
2002	04	02	182.62
2002	04	03	180.04
2002	04	04	177.41
2002	04	05	174.66
2002	04	06	171.91
2002	04	07	169.42
2002	04	08	170.67
2002	04	09	170.76
2002	04	10	167.85
2002	04	11	165.8
2002	04	12	163.51
2002	04	13	162.29
2002	04	14	171.1
2002	04	15	175.57
2002	04	16	173.11
2002	04	17	171.45
2002	04	18	169.05
2002	04	19	166.21
2002	04	20	163.5
2002	04	21	160.98
2002	04	22	158.66
2002	04	23	155.51
2002	04	24	152.17
2002	04	25	150.73
2002	04	26	147.43
2002	04	27	151.86
2002	04	28	148.83
2002	04	29	146.59
2002	04	30	146.24
2002	05	01	142.42
2002	05	02	165.81
2002	05	03	185.44
2002	05	04	196.83
2002	05	05	202.07
2002	05	06	201.28
2002	05	07	197.63
2002	05	08	194
2002	05	09	192.97
2002	05	10	195.17
2002	05	11	192.23
2002	05	12	201.26
2002	05	13	205.25
2002	05	14	201.28
2002	05	15	197.31
2002	05	16	193.13
2002	05	17	188.88
2002	05	18	185.05
2002	05	19	197.12
2002	05	20	195.53
2002	05	21	191.63
2002	05	22	187.4
2002	05	23	186.31
2002	05	24	194.88
2002	05	25	191.19
2002	05	26	193.81
2002	05	27	190.64
2002	05	28	197.87
2002	05	29	195.25
2002	05	30	194.69
2002	05	31	190.17
2002	06	01	185.62
2002	06	02	181.4
2002	06	03	177.24
2002	06	04	178.09
2002	06	05	178.22
2002	06	06	179.25
2002	06	07	180.75
2002	06	08	179.46
2002	06	09	180.49
2002	06	10	183.58
2002	06	11	181.61
2002	06	12	177.93
2002	06	13	173.49
2002	06	14	169.17
2002	06	15	164.75
2002	06	16	160.96
2002	06	17	158.02
2002	06	18	153.9
2002	06	19	149.78
2002	06	20	145.68
2002	06	21	143.82
2002	06	22	140.24
2002	06	23	136.22
2002	06	24	132.34
2002	06	25	139.28
2002	06	26	135.21
2002	06	27	130.81
2002	06	28	140.08
2002	06	29	146.16
2002	06	30	141.59
2002	07	01	137.52
2002	07	02	133.22
2002	07	03	131.97
2002	07	04	133.2
2002	07	05	131.22
2002	07	06	126.95
2002	07	07	154.99
2002	07	08	150.69
2002	07	09	146.69
2002	07	10	146.94
2002	07	11	148.94
2002	07	12	144.74
2002	07	13	140.58
2002	07	14	146.99
2002	07	15	144.9
2002	07	16	156.75
2002	07	17	163.1
2002	07	18	175.73
2002	07	19	172.62
2002	07	20	168.47
2002	07	21	164.39
2002	07	22	168.82
2002	07	23	164.55
2002	07	24	160.36
2002	07	25	158.45
2002	07	26	156.32
2002	07	27	154.6
2002	07	28	150.62
2002	07	29	146.76
2002	07	30	142.89
2002	07	31	141.73
2002	08	01	148.95
2002	08	02	152.42
2002	08	03	149.37
2002	08	04	163.68
2002	08	05	169.22
2002	08	06	165.91
2002	08	07	173.03
2002	08	08	173.18
2002	08	09	170.06
2002	08	10	173.44
2002	08	11	182.43
2002	08	12	186.24
2002	08	13	184.55
2002	08	14	181
2002	08	15	177.37
2002	08	16	173.83
2002	08	17	170.3
2002	08	18	166.8
2002	08	19	163.53
2002	08	20	160.5
2002	08	21	159.31
2002	08	22	157.21
2002	08	23	153.94
2002	08	24	151.32
2002	08	25	148.95
2002	08	26	149.77
2002	08	27	149.51
2002	08	28	148.72
2002	08	29	146.32
2002	08	30	144.25
2002	08	31	142.03
2002	09	01	142.58
2002	09	02	143.87
2002	09	03	143.16
2002	09	04	147.39
2002	09	05	145.74
2002	09	06	147.18
2002	09	07	145.11
2002	09	08	151.93
2002	09	09	149.44
2002	09	10	150.81
2002	09	11	149.43
2002	09	12	147.15
2002	09	13	146.83
2002	09	14	145.68
2002	09	15	143.12
2002	09	16	140.67
2002	09	17	138.15
2002	09	18	135.9
2002	09	19	133.8
2002	09	20	135.07
2002	09	21	133.46
2002	09	22	136.27
2002	09	23	138.52
2002	09	24	144.82
2002	09	25	150.6
2002	09	26	150.87
2002	09	27	159.09
2002	09	28	157.6
2002	09	29	155.76
2002	09	30	154.17
2002	10	01	152.16
2002	10	02	150.91
2002	10	03	149.63
2002	10	04	148.17
2002	10	05	149.28
2002	10	06	147.93
2002	10	07	152.32
2002	10	08	151
2002	10	09	150.61
2002	10	10	150.14
2002	10	11	150.85
2002	10	12	153.09
2002	10	13	153.28
2002	10	14	155.57
2002	10	15	163.67
2002	10	16	165.04
2002	10	17	171.73
2002	10	18	191.81
2002	10	19	195.6
2002	10	20	200.03
2002	10	21	199.05
2002	10	22	208.37
2002	10	23	209.22
2002	10	24	210.26
2002	10	25	210.32
2002	10	26	212.06
2002	10	27	211.25
2002	10	28	210.95
2002	10	29	209.81
2002	10	30	208.85
2002	10	31	207.99
2002	11	01	207.17
2002	11	02	206.9
2002	11	03	210.92
2002	11	04	213
2002	11	05	214.85
2002	11	06	215.17
2002	11	07	215.17
2002	11	08	215.74
2002	11	09	215.29
2002	11	10	216.06
2002	11	11	216.44
2002	11	12	217.2
2002	11	13	216.91
2002	11	14	217.24
2002	11	15	218.37
2002	11	16	218.69
2002	11	17	219.11
2002	11	18	218.81
2002	11	19	218.92
2002	11	20	218.93
2002	11	21	218.93
2002	11	22	219.01
2002	11	23	219.19
2002	11	24	219.37
2002	11	25	219.56
2002	11	26	219.6
2002	11	27	219.65
2002	11	28	219.65
2002	11	29	219.73
2002	11	30	219.76
2002	12	01	219.76
2002	12	02	219.77
2002	12	03	219.8
2002	12	04	219.82
2002	12	05	219.83
2002	12	06	219.83
2002	12	07	219.83
2002	12	08	219.84
2002	12	09	219.84
2002	12	10	219.84
2002	12	11	219.84
2002	12	12	219.84
2002	12	13	219.84
2002	12	14	219.85
2002	12	15	219.85
2002	12	16	219.88
2002	12	17	219.91
2002	12	18	219.93
2002	12	19	219.94
2002	12	20	219.94
2002	12	21	219.94
2002	12	22	219.95
2002	12	23	219.95
2002	12	24	219.95
2002	12	25	219.95
2002	12	26	219.96
2002	12	27	219.96
2002	12	28	219.96
2002	12	29	219.96
2002	12	30	219.96
2002	12	31	219.97
2003	01	01	219.97
2003	01	02	219.97
2003	01	03	219.97
2003	01	04	219.98
2003	01	05	219.98
2003	01	06	219.98
2003	01	07	219.98
2003	01	08	219.98
2003	01	09	219.98
2003	01	10	219.98
2003	01	11	219.98
2003	01	12	219.98
2003	01	13	219.96
2003	01	14	219.96
2003	01	15	219.96
2003	01	16	219.96
2003	01	17	219.96
2003	01	18	219.96
2003	01	19	219.96
2003	01	20	219.96
2003	01	21	219.96
2003	01	22	219.97
2003	01	23	219.98
2003	01	24	219.98
2003	01	25	219.98
2003	01	26	219.98
2003	01	27	219.98
2003	01	28	219.98
2003	01	29	219.98
2003	01	30	219.98
2003	01	31	219.98
2003	02	01	219.81
2003	02	02	219.07
2003	02	03	218.87
2003	02	04	219.17
2003	02	05	219.18
2003	02	06	219.18
2003	02	07	219.18
2003	02	08	218.78
2003	02	09	217.98
2003	02	10	217.98
2003	02	11	218.1
2003	02	12	218.1
2003	02	13	218.1
2003	02	14	218.1
2003	02	15	218.1
2003	02	16	218.1
2003	02	17	218.03
2003	02	18	218.01
2003	02	19	217.06
2003	02	20	216.99
2003	02	21	216.33
2003	02	22	215.1
2003	02	23	213.87
2003	02	24	212.59
2003	02	25	211.23
2003	02	26	210.28
2003	02	27	210.28
2003	02	28	209.57
2003	03	01	208.3
2003	03	02	207.78
2003	03	03	209.81
2003	03	04	208.5
2003	03	05	206.86
2003	03	06	205.24
2003	03	07	206.32
2003	03	08	204.72
2003	03	09	203.54
2003	03	10	201.83
2003	03	11	199.8
2003	03	12	198.25
2003	03	13	197.91
2003	03	14	196.15
2003	03	15	193.9
2003	03	16	191.97
2003	03	17	189.97
2003	03	18	187.76
2003	03	19	185.5
2003	03	20	183.26
2003	03	21	180.86
2003	03	22	179.11
2003	03	23	176.94
2003	03	24	174.62
2003	03	25	172.32
2003	03	26	169.98
2003	03	27	167.57
2003	03	28	165.6
2003	03	29	164.81
2003	03	30	162.79
2003	03	31	181.65
2003	04	01	180.65
2003	04	02	178.12
2003	04	03	182.57
2003	04	04	182.11
2003	04	05	179.61
2003	04	06	176.54
2003	04	07	174.59
2003	04	08	172.26
2003	04	09	169.24
2003	04	10	169.82
2003	04	11	178.25
2003	04	12	176.71
2003	04	13	175.97
2003	04	14	172.62
2003	04	15	170.65
2003	04	16	167.36
2003	04	17	164.18
2003	04	18	161.13
2003	04	19	157.67
2003	04	20	154.53
2003	04	21	153.02
2003	04	22	150.81
2003	04	23	147.32
2003	04	24	143.88
2003	04	25	140.55
2003	04	26	138.03
2003	04	27	141.82
2003	04	28	138.94
2003	04	29	136.04
2003	04	30	134.64
2003	05	01	158.08
2003	05	02	154.94
2003	05	03	154.21
2003	05	04	152.01
2003	05	05	148.13
2003	05	06	146.32
2003	05	07	143.81
2003	05	08	140.52
2003	05	09	145.27
2003	05	10	151.59
2003	05	11	149.28
2003	05	12	152.81
2003	05	13	150.12
2003	05	14	151.34
2003	05	15	148.64
2003	05	16	144.34
2003	05	17	140.38
2003	05	18	140.18
2003	05	19	139.11
2003	05	20	148.83
2003	05	21	150.18
2003	05	22	149.88
2003	05	23	149.51
2003	05	24	145.6
2003	05	25	142.86
2003	05	26	142.97
2003	05	27	142.41
2003	05	28	141.45
2003	05	29	138.92
2003	05	30	136.75
2003	05	31	132.73
2003	06	01	129.41
2003	06	02	125.81
2003	06	03	123.02
2003	06	04	119.29
2003	06	05	115.5
2003	06	06	134.7
2003	06	07	133.04
2003	06	08	129.11
2003	06	09	125.78
2003	06	10	122.07
2003	06	11	118.06
2003	06	12	114.27
2003	06	13	110.54
2003	06	14	106.91
2003	06	15	108.09
2003	06	16	105.72
2003	06	17	101.51
2003	06	18	98.49
2003	06	19	95.6
2003	06	20	91.15
2003	06	21	86.81
2003	06	22	82.38
2003	06	23	77.95
2003	06	24	73.73
2003	06	25	70.85
2003	06	26	67.28
2003	06	27	64.81
2003	06	28	60.93
2003	06	29	58.14
2003	06	30	54.25
2003	07	01	51.4
2003	07	02	72.03
2003	07	03	69.26
2003	07	04	68.32
2003	07	05	74.46
2003	07	06	70.98
2003	07	07	66.6
2003	07	08	62.49
2003	07	09	58.52
2003	07	10	55.73
2003	07	11	51.63
2003	07	12	47.73
2003	07	13	43.92
2003	07	14	40.02
2003	07	15	36.12
2003	07	16	32.9
2003	07	17	33.9
2003	07	18	32.1
2003	07	19	28.05
2003	07	20	24.17
2003	07	21	20.79
2003	07	22	31.57
2003	07	23	28.64
2003	07	24	26.39
2003	07	25	27.62
2003	07	26	24.7
2003	07	27	22.88
2003	07	28	33.9
2003	07	29	31.07
2003	07	30	27.4
2003	07	31	31.5
2003	08	01	36.17
2003	08	02	32.83
2003	08	03	29.29
2003	08	04	25.86
2003	08	05	22.46
2003	08	06	19.14
2003	08	07	16.25
2003	08	08	13.22
2003	08	09	10.7
2003	08	10	7.77
2003	08	11	5.06
2003	08	12	5
2003	08	13	5
2003	08	14	5
2003	08	15	5
2003	08	16	5.49
2003	08	17	9.8
2003	08	18	8.09
2003	08	19	6.61
2003	08	20	5.04
2003	08	21	14.24
2003	08	22	12.39
2003	08	23	9.56
2003	08	24	6.77
2003	08	25	5.03
2003	08	26	5
2003	08	27	5
2003	08	28	5
2003	08	29	11.12
2003	08	30	33.03
2003	08	31	59.04
2003	09	01	68.1
2003	09	02	66.26
2003	09	03	63.29
2003	09	04	60.34
2003	09	05	57.52
2003	09	06	56.64
2003	09	07	55.25
2003	09	08	78.93
2003	09	09	84.68
2003	09	10	92.31
2003	09	11	90.86
2003	09	12	92.41
2003	09	13	89.85
2003	09	14	87.98
2003	09	15	85.75
2003	09	16	83.24
2003	09	17	80.89
2003	09	18	78.51
2003	09	19	76.2
2003	09	20	73.99
2003	09	21	71.82
2003	09	22	69.68
2003	09	23	67.78
2003	09	24	79.32
2003	09	25	78.16
2003	09	26	75.6
2003	09	27	73.6
2003	09	28	72.67
2003	09	29	76.72
2003	09	30	76.63
2003	10	01	74.79
2003	10	02	88.33
2003	10	03	89.99
2003	10	04	98.64
2003	10	05	108.61
2003	10	06	119.57
2003	10	07	118.93
2003	10	08	139.53
2003	10	09	138.13
2003	10	10	138.77
2003	10	11	137.7
2003	10	12	136.71
2003	10	13	136.97
2003	10	14	135.74
2003	10	15	137.38
2003	10	16	137.49
2003	10	17	137.83
2003	10	18	137.68
2003	10	19	137.23
2003	10	20	138.66
2003	10	21	143.26
2003	10	22	147.57
2003	10	23	146.33
2003	10	24	155.05
2003	10	25	155.06
2003	10	26	153.84
2003	10	27	152.97
2003	10	28	151.93
2003	10	29	151.01
2003	10	30	156.31
2003	10	31	159.45
2003	11	01	164.46
2003	11	02	166.16
2003	11	03	165.71
2003	11	04	169
2003	11	05	168.23
2003	11	06	167.87
2003	11	07	168.2
2003	11	08	167.93
2003	11	09	167.97
2003	11	10	168
2003	11	11	168.26
2003	11	12	168.66
2003	11	13	172.58
2003	11	14	173.33
2003	11	15	173.44
2003	11	16	173.55
2003	11	17	181.68
2003	11	18	186.33
2003	11	19	186.04
2003	11	20	185.84
2003	11	21	186
2003	11	22	186.13
2003	11	23	186.3
2003	11	24	186.51
2003	11	25	186.55
2003	11	26	186.64
2003	11	27	186.77
2003	11	28	200.33
2003	11	29	202.42
2003	11	30	202.51
2003	12	01	202.79
2003	12	02	202.99
2003	12	03	203.05
2003	12	04	203.24
2003	12	05	203.46
2003	12	06	203.61
2003	12	07	203.83
2003	12	08	203.83
2003	12	09	203.83
2003	12	10	203.83
2003	12	11	203.79
2003	12	12	203.66
2003	12	13	203.87
2003	12	14	204.31
2003	12	15	205.83
2003	12	16	206.15
2003	12	17	205.96
2003	12	18	205.81
2003	12	19	205.71
2003	12	20	205.74
2003	12	21	205.98
2003	12	22	208.02
2003	12	23	208.16
2003	12	24	207.93
2003	12	25	207.7
2003	12	26	207.57
2003	12	27	207.42
2003	12	28	208.29
2003	12	29	209.29
2003	12	30	209.11
2003	12	31	209.11
2004	01	01	209.11
2004	01	02	209.11
2004	01	03	209.11
2004	01	04	209.11
2004	01	05	209.11
2004	01	06	209.11
2004	01	07	209.11
2004	01	08	209.11
2004	01	09	209.11
2004	01	10	213.05
2004	01	11	214.28
2004	01	12	215.5
2004	01	13	216.53
2004	01	14	218.32
2004	01	15	218.54
2004	01	16	218.57
2004	01	17	218.65
2004	01	18	218.88
2004	01	19	219.12
2004	01	20	218.99
2004	01	21	219.17
2004	01	22	219.04
2004	01	23	218.79
2004	01	24	218.69
2004	01	25	218.69
2004	01	26	218.65
2004	01	27	218.65
2004	01	28	218.66
2004	01	29	218.56
2004	01	30	218.45
2004	01	31	217.7
2004	02	01	217.29
2004	02	02	217.67
2004	02	03	217.04
2004	02	04	216.27
2004	02	05	215.52
2004	02	06	214.61
2004	02	07	213.71
2004	02	08	214.34
2004	02	09	214.47
2004	02	10	213.5
2004	02	11	212.52
2004	02	12	212.58
2004	02	13	211.92
2004	02	14	211.17
2004	02	15	211.17
2004	02	16	211.25
2004	02	17	210.61
2004	02	18	209.89
2004	02	19	209.77
2004	02	20	209.78
2004	02	21	208.88
2004	02	22	208.5
2004	02	23	210.39
2004	02	24	210.07
2004	02	25	208.4
2004	02	26	206.8
2004	02	27	206.8
2004	02	28	205.15
2004	03	01	203.63
2004	03	02	202.25
2004	03	03	200.85
2004	03	04	198.95
2004	03	05	198.59
2004	03	06	201.72
2004	03	07	207.24
2004	03	08	205.78
2004	03	09	205.87
2004	03	10	203.94
2004	03	11	203.45
2004	03	12	202.24
2004	03	13	202.11
2004	03	14	208.57
2004	03	15	209.43
2004	03	16	207.76
2004	03	17	205.44
2004	03	18	203.14
2004	03	19	201.14
2004	03	20	199.62
2004	03	21	199.78
2004	03	22	201.06
2004	03	23	200.07
2004	03	24	201.65
2004	03	25	201.72
2004	03	26	201.86
2004	03	27	201.4
2004	03	28	199.07
2004	03	29	196.23
2004	03	30	193.31
2004	03	31	191.49
2004	04	01	189.39
2004	04	02	186.55
2004	04	03	184.47
2004	04	04	184.09
2004	04	05	183.54
2004	04	06	182.45
2004	04	07	186.51
2004	04	08	187.16
2004	04	09	185.13
2004	04	10	185.15
2004	04	11	187.2
2004	04	12	186.03
2004	04	13	184.55
2004	04	14	183.71
2004	04	15	180.77
2004	04	16	178.82
2004	04	17	176.14
2004	04	18	173.66
2004	04	19	173.07
2004	04	20	172.4
2004	04	21	170.61
2004	04	22	167.11
2004	04	23	164.54
2004	04	24	174.55
2004	04	25	171.86
2004	04	26	168.07
2004	04	27	164.31
2004	04	28	160.9
2004	04	29	158.4
2004	04	30	156.23
2004	05	01	157.33
2004	05	02	161.83
2004	05	03	158.98
2004	05	04	157.67
2004	05	05	159.13
2004	05	06	164.86
2004	05	07	167.37
2004	05	08	165.4
2004	05	09	168.41
2004	05	10	175.83
2004	05	11	171.74
2004	05	12	167.77
2004	05	13	163.74
2004	05	14	161.56
2004	05	15	157.9
2004	05	16	153.75
2004	05	17	149.57
2004	05	18	145.26
2004	05	19	141.04
2004	05	20	136.99
2004	05	21	132.8
2004	05	22	135.92
2004	05	23	134.74
2004	05	24	130.13
2004	05	25	125.46
2004	05	26	120.96
2004	05	27	116.87
2004	05	28	116.04
2004	05	29	112.02
2004	05	30	107.48
2004	05	31	105.29
2004	06	01	104.55
2004	06	02	131.82
2004	06	03	147.24
2004	06	04	148.01
2004	06	05	146.17
2004	06	06	143.98
2004	06	07	139.37
2004	06	08	134.89
2004	06	09	130.47
2004	06	10	126.34
2004	06	11	122.46
2004	06	12	126.35
2004	06	13	127.76
2004	06	14	131.61
2004	06	15	127.26
2004	06	16	125.06
2004	06	17	122.74
2004	06	18	118.3
2004	06	19	114.75
2004	06	20	124.05
2004	06	21	124.26
2004	06	22	121.08
2004	06	23	120.16
2004	06	24	131.77
2004	06	25	127.72
2004	06	26	124.34
2004	06	27	120.26
2004	06	28	118.27
2004	06	29	115.55
2004	06	30	111.16
2004	07	01	106.85
2004	07	02	105.72
2004	07	03	103.08
2004	07	04	99.42
2004	07	05	95.08
2004	07	06	107.21
2004	07	07	106.59
2004	07	08	106.04
2004	07	09	118.65
2004	07	10	115.89
2004	07	11	119.16
2004	07	12	118.85
2004	07	13	123.4
2004	07	14	122.28
2004	07	15	118.37
2004	07	16	114.44
2004	07	17	110.71
2004	07	18	107.07
2004	07	19	105.62
2004	07	20	102.33
2004	07	21	101.11
2004	07	22	97.98
2004	07	23	94.44
2004	07	24	93.58
2004	07	25	104.56
2004	07	26	101.26
2004	07	27	98.9
2004	07	28	94.95
2004	07	29	91.04
2004	07	30	87.38
2004	07	31	84.03
2004	08	01	80.88
2004	08	02	77.36
2004	08	03	73.93
2004	08	04	79.62
2004	08	05	78.04
2004	08	06	75.18
2004	08	07	73.02
2004	08	08	70.09
2004	08	09	67.2
2004	08	10	66.37
2004	08	11	96.02
2004	08	12	94.53
2004	08	13	95.2
2004	08	14	96.84
2004	08	15	95.31
2004	08	16	92.49
2004	08	17	92.18
2004	08	18	110.33
2004	08	19	107.22
2004	08	20	137.14
2004	08	21	137.13
2004	08	22	137.76
2004	08	23	135.1
2004	08	24	136.35
2004	08	25	152.04
2004	08	26	150.66
2004	08	27	154.66
2004	08	28	151.56
2004	08	29	148.5
2004	08	30	147
2004	08	31	148.23
2004	09	01	145.94
2004	09	02	142.9
2004	09	03	140.13
2004	09	04	140.09
2004	09	05	137.56
2004	09	06	134.86
2004	09	07	132.33
2004	09	08	129.83
2004	09	09	127.18
2004	09	10	124.64
2004	09	11	122.75
2004	09	12	123.54
2004	09	13	132.22
2004	09	14	130.14
2004	09	15	142.41
2004	09	16	141.82
2004	09	17	140.71
2004	09	18	138.27
2004	09	19	135.89
2004	09	20	135.68
2004	09	21	133.74
2004	09	22	132.32
2004	09	23	130.22
2004	09	24	130.04
2004	09	25	141.45
2004	09	26	141.1
2004	09	27	141.62
2004	09	28	140.7
2004	09	29	139.67
2004	09	30	139.16
2004	10	01	137.55
2004	10	02	136.09
2004	10	03	135.31
2004	10	04	133.76
2004	10	05	132.55
2004	10	06	131.07
2004	10	07	135.9
2004	10	08	135.12
2004	10	09	135.12
2004	10	10	138.15
2004	10	11	162.76
2004	10	12	162.79
2004	10	13	162.05
2004	10	14	164.43
2004	10	15	176.01
2004	10	16	188.74
2004	10	17	189.51
2004	10	18	190.15
2004	10	19	190.88
2004	10	20	199.56
2004	10	21	200.57
2004	10	22	202.69
2004	10	23	202.11
2004	10	24	201.24
2004	10	25	200.2
2004	10	26	208.01
2004	10	27	214.5
2004	10	28	214.56
2004	10	29	215.36
2004	10	30	215.56
2004	10	31	214.62
2004	11	01	214.63
2004	11	02	214.67
2004	11	03	214.93
2004	11	04	215
2004	11	05	215.05
2004	11	06	215.06
2004	11	07	215.07
2004	11	08	215.08
2004	11	09	214.5
2004	11	10	214.47
2004	11	11	214.38
2004	11	12	214.39
2004	11	13	214.39
2004	11	14	214.52
2004	11	15	214.46
2004	11	16	213.95
2004	11	17	213.46
2004	11	18	213.53
2004	11	19	213.56
2004	11	20	214.07
2004	11	21	214.08
2004	11	22	214.06
2004	11	23	214.07
2004	11	24	214.11
2004	11	25	213.98
2004	11	26	213.98
2004	11	27	213.99
2004	11	28	214.02
2004	11	29	214.06
2004	11	30	215.08
2004	12	01	215.17
2004	12	02	215.65
2004	12	03	215.69
2004	12	04	216.17
2004	12	05	216.24
2004	12	06	216.32
2004	12	07	216.38
2004	12	08	216.43
2004	12	09	216.43
2004	12	10	216.43
2004	12	11	216.43
2004	12	12	216.43
2004	12	13	216.43
2004	12	14	216.43
2004	12	15	216.43
2004	12	16	216.43
2004	12	17	216.43
2004	12	18	217.22
2004	12	19	217.33
2004	12	20	218.52
2004	12	21	218.52
2004	12	22	218.52
2004	12	23	218.5
2004	12	24	218.56
2004	12	25	218.57
2004	12	26	218.96
2004	12	27	219
2004	12	28	219
2004	12	29	219.01
2004	12	30	219.01
2004	12	31	218.91
2005	01	01	218.91
2005	01	02	219.11
2005	01	03	219.25
2005	01	04	219.25
2005	01	05	219.07
2005	01	06	218.93
2005	01	07	218.98
2005	01	08	218.99
2005	01	09	218.79
2005	01	10	218.8
2005	01	11	218.73
2005	01	12	218.51
2005	01	13	218.63
2005	01	14	218.54
2005	01	15	218.54
2005	01	16	218.54
2005	01	17	218.54
2005	01	18	218.54
2005	01	19	218.83
2005	01	20	218.83
2005	01	21	218.95
2005	01	22	219.15
2005	01	23	219.21
2005	01	24	219.21
2005	01	25	219.21
2005	01	26	219.1
2005	01	27	218.62
2005	01	28	217.99
2005	01	29	217.55
2005	01	30	216.91
2005	01	31	216.22
2005	02	01	215.88
2005	02	02	215.89
2005	02	03	215.7
2005	02	04	215.03
2005	02	05	215.03
2005	02	06	214.77
2005	02	07	214.47
2005	02	08	213.63
2005	02	09	212.78
2005	02	10	211.84
2005	02	11	211.77
2005	02	12	213.24
2005	02	13	214.95
2005	02	14	215.26
2005	02	15	215.06
2005	02	16	214.61
2005	02	17	214.14
2005	02	18	213.1
2005	02	19	213
2005	02	20	213
2005	02	21	212.21
2005	02	22	211.38
2005	02	23	210.36
2005	02	24	209.75
2005	02	25	209.18
2005	02	26	207.83
2005	02	27	206.56
2005	02	28	205.87
2005	03	01	204.09
2005	03	02	202.5
2005	03	03	200.84
2005	03	04	199.72
2005	03	05	198.22
2005	03	06	198.06
2005	03	07	197.35
2005	03	08	195.61
2005	03	09	195.2
2005	03	10	196.58
2005	03	11	194.6
2005	03	12	194.2
2005	03	13	194.9
2005	03	14	192.69
2005	03	15	190.9
2005	03	16	188.82
2005	03	17	186.61
2005	03	18	184.64
2005	03	19	182.42
2005	03	20	180.13
2005	03	21	178.54
2005	03	22	176.69
2005	03	23	180.57
2005	03	24	179.6
2005	03	25	185
2005	03	26	182.61
2005	03	27	184.9
2005	03	28	187.43
2005	03	29	186.36
2005	03	30	185.05
2005	03	31	185.75
2005	04	01	185.32
2005	04	02	183.23
2005	04	03	180.57
2005	04	04	177.83
2005	04	05	175.06
2005	04	06	174.79
2005	04	07	172.33
2005	04	08	178.75
2005	04	09	184.69
2005	04	10	187.84
2005	04	11	185.6
2005	04	12	184.59
2005	04	13	183.52
2005	04	14	182.38
2005	04	15	179.32
2005	04	16	178.06
2005	04	17	197.7
2005	04	18	208.18
2005	04	19	206.78
2005	04	20	207.56
2005	04	21	207.33
2005	04	22	205.68
2005	04	23	201.95
2005	04	24	202.89
2005	04	25	208.31
2005	04	26	208.87
2005	04	27	206.03
2005	04	28	206.44
2005	04	29	204.74
2005	04	30	201.31
2005	05	01	197.69
2005	05	02	193.93
2005	05	03	191.27
2005	05	04	197.75
2005	05	05	196.25
2005	05	06	194.91
2005	05	07	194.53
2005	05	08	194.52
2005	05	09	190.6
2005	05	10	187.46
2005	05	11	185.69
2005	05	12	181.39
2005	05	13	179.27
2005	05	14	176.86
2005	05	15	177.96
2005	05	16	174.56
2005	05	17	182.24
2005	05	18	179.01
2005	05	19	184.13
2005	05	20	180.09
2005	05	21	177.1
2005	05	22	177.29
2005	05	23	177.41
2005	05	24	188.23
2005	05	25	184.19
2005	05	26	180.13
2005	05	27	175.91
2005	05	28	172.17
2005	05	29	168.34
2005	05	30	168.26
2005	05	31	170.32
2005	06	01	165.98
2005	06	02	161.55
2005	06	03	157.18
2005	06	04	153.26
2005	06	05	151.03
2005	06	06	148.51
2005	06	07	147.22
2005	06	08	144.16
2005	06	09	139.93
2005	06	10	135.89
2005	06	11	131.34
2005	06	12	127.1
2005	06	13	124.1
2005	06	14	126.38
2005	06	15	132.86
2005	06	16	128.95
2005	06	17	125.2
2005	06	18	120.93
2005	06	19	116.79
2005	06	20	112.41
2005	06	21	108.05
2005	06	22	104.4
2005	06	23	100.29
2005	06	24	96.68
2005	06	25	99.62
2005	06	26	97.17
2005	06	27	93.24
2005	06	28	90.11
2005	06	29	87.09
2005	06	30	89.13
2005	07	01	88
2005	07	02	88
2005	07	03	86.11
2005	07	04	81.93
2005	07	05	84.45
2005	07	06	81.11
2005	07	07	87.33
2005	07	08	94.66
2005	07	09	99.62
2005	07	10	101.08
2005	07	11	102.74
2005	07	12	100.14
2005	07	13	96.56
2005	07	14	92.68
2005	07	15	88.64
2005	07	16	84.83
2005	07	17	82.39
2005	07	18	78.94
2005	07	19	82.27
2005	07	20	79.61
2005	07	21	75.6
2005	07	22	72.8
2005	07	23	69.66
2005	07	24	67.23
2005	07	25	67.97
2005	07	26	70.24
2005	07	27	67.35
2005	07	28	63.85
2005	07	29	60.49
2005	07	30	67.33
2005	07	31	65.95
2005	08	01	63.73
2005	08	02	61.26
2005	08	03	85.94
2005	08	04	85.27
2005	08	05	81.71
2005	08	06	79.01
2005	08	07	78.15
2005	08	08	76.07
2005	08	09	72.59
2005	08	10	68.98
2005	08	11	65.97
2005	08	12	63.5
2005	08	13	60.13
2005	08	14	58.22
2005	08	15	71.46
2005	08	16	73.38
2005	08	17	70.48
2005	08	18	68.03
2005	08	19	66.14
2005	08	20	64.34
2005	08	21	65.14
2005	08	22	83.66
2005	08	23	90.47
2005	08	24	91.59
2005	08	25	88.65
2005	08	26	92.25
2005	08	27	90.49
2005	08	28	98.41
2005	08	29	97.36
2005	08	30	94.42
2005	08	31	91.57
2005	09	01	88.82
2005	09	02	86.46
2005	09	03	84.62
2005	09	04	82.42
2005	09	05	80.47
2005	09	06	104.62
2005	09	07	103.05
2005	09	08	100.66
2005	09	09	99.05
2005	09	10	99.18
2005	09	11	112.32
2005	09	12	116.46
2005	09	13	121.33
2005	09	14	118.85
2005	09	15	117.27
2005	09	16	115.01
2005	09	17	123.91
2005	09	18	133.17
2005	09	19	133.37
2005	09	20	133.29
2005	09	21	132.7
2005	09	22	130.79
2005	09	23	128.76
2005	09	24	127.06
2005	09	25	125.13
2005	09	26	128.34
2005	09	27	130.36
2005	09	28	129.88
2005	09	29	128.73
2005	09	30	130.47
2005	10	01	129.15
2005	10	02	144.64
2005	10	03	148.36
2005	10	04	163.79
2005	10	05	163.11
2005	10	06	161.84
2005	10	07	160.81
2005	10	08	160.35
2005	10	09	158.97
2005	10	10	157.49
2005	10	11	156.28
2005	10	12	155.47
2005	10	13	154.64
2005	10	14	153.49
2005	10	15	152.85
2005	10	16	152.45
2005	10	17	152.18
2005	10	18	152.7
2005	10	19	153.81
2005	10	20	157.41
2005	10	21	156.94
2005	10	22	158.03
2005	10	23	161.27
2005	10	24	182.3
2005	10	25	181.52
2005	10	26	181.07
2005	10	27	180.19
2005	10	28	179.25
2005	10	29	178.47
2005	10	30	177.77
2005	10	31	177.12
2005	11	01	176.71
2005	11	02	178.24
2005	11	03	178.1
2005	11	04	177.49
2005	11	05	185.94
2005	11	06	188.71
2005	11	07	187.94
2005	11	08	187.79
2005	11	09	187.86
2005	11	10	188.05
2005	11	11	187.92
2005	11	12	187.51
2005	11	13	187.57
2005	11	14	187.68
2005	11	15	188.14
2005	11	16	187.94
2005	11	17	188.26
2005	11	18	187.8
2005	11	19	187.3
2005	11	20	186.81
2005	11	21	186.37
2005	11	22	186.07
2005	11	23	185.71
2005	11	24	185.48
2005	11	25	185.35
2005	11	26	185.22
2005	11	27	184.87
2005	11	28	184.87
2005	11	29	185.04
2005	11	30	185.23
2005	12	01	185.26
2005	12	02	184.98
2005	12	03	184.98
2005	12	04	190.44
2005	12	05	197.57
2005	12	06	197.6
2005	12	07	197.71
2005	12	08	198.04
2005	12	09	199.63
2005	12	10	202.06
2005	12	11	202.09
2005	12	12	202.09
2005	12	13	202.09
2005	12	14	202
2005	12	15	202
2005	12	16	201.9
2005	12	17	204.87
2005	12	18	205.1
2005	12	19	205.1
2005	12	20	205.1
2005	12	21	205.1
2005	12	22	205.1
2005	12	23	205.1
2005	12	24	205.1
2005	12	25	205.1
2005	12	26	205.1
2005	12	27	205.1
2005	12	28	205.1
2005	12	29	205.1
2005	12	30	205.1
2005	12	31	205.1
2006	01	01	211.03
2006	01	02	212.58
2006	01	03	212.99
2006	01	04	212.92
2006	01	05	212.92
2006	01	06	212.85
2006	01	07	212.85
2006	01	08	212.85
2006	01	09	212.85
2006	01	10	212.85
2006	01	11	212.85
2006	01	12	212.85
2006	01	13	212.85
2006	01	14	212.85
2006	01	15	212.85
2006	01	16	212.85
2006	01	17	212.85
2006	01	18	214.41
2006	01	19	214.91
2006	01	20	214.92
2006	01	21	214.95
2006	01	22	214.78
2006	01	23	214.4
2006	01	24	213.94
2006	01	25	213.87
2006	01	26	213.74
2006	01	27	213.74
2006	01	28	213.74
2006	01	29	213.74
2006	01	30	213.74
2006	01	31	213.34
2006	02	01	212.9
2006	02	02	212.9
2006	02	03	212.9
2006	02	04	212.9
2006	02	05	212.9
2006	02	06	212.9
2006	02	07	212.16
2006	02	08	212.18
2006	02	09	212.69
2006	02	10	212.77
2006	02	11	212.08
2006	02	12	211.26
2006	02	13	210.72
2006	02	14	210.42
2006	02	15	210.12
2006	02	16	211.59
2006	02	17	213.81
2006	02	18	214.66
2006	02	19	215.6
2006	02	20	215.61
2006	02	21	215.13
2006	02	22	213.94
2006	02	23	213.88
2006	02	24	213.91
2006	02	25	213.92
2006	02	26	213.83
2006	02	27	213.83
2006	02	28	212.52
2006	03	01	212.39
2006	03	02	211.03
2006	03	03	210.44
2006	03	04	211.46
2006	03	05	214.49
2006	03	06	213.16
2006	03	07	211.95
2006	03	08	210.1
2006	03	09	212.28
2006	03	10	213
2006	03	11	213.07
2006	03	12	213.44
2006	03	13	212.25
2006	03	14	210.62
2006	03	15	208.54
2006	03	16	206.55
2006	03	17	204.85
2006	03	18	203.38
2006	03	19	202.59
2006	03	20	200.57
2006	03	21	199.54
2006	03	22	202.57
2006	03	23	201.87
2006	03	24	201.8
2006	03	25	204.15
2006	03	26	202.51
2006	03	27	200.21
2006	03	28	203.53
2006	03	29	211.38
2006	03	30	210.26
2006	03	31	213.5
2006	04	01	212.37
2006	04	02	211.3
2006	04	03	210.73
2006	04	04	208.72
2006	04	05	206.06
2006	04	06	213.45
2006	04	07	211.03
2006	04	08	207.97
2006	04	09	204.91
2006	04	10	212.04
2006	04	11	216.35
2006	04	12	214.67
2006	04	13	214.36
2006	04	14	214.23
2006	04	15	211.38
2006	04	16	212.89
2006	04	17	212.42
2006	04	18	209.89
2006	04	19	207.46
2006	04	20	204.24
2006	04	21	200.91
2006	04	22	197.45
2006	04	23	194.47
2006	04	24	194.5
2006	04	25	195.65
2006	04	26	194.17
2006	04	27	199.25
2006	04	28	198.13
2006	04	29	198.34
2006	04	30	196.44
2006	05	01	192.73
2006	05	02	190.37
2006	05	03	187.01
2006	05	04	183.5
2006	05	05	179.85
2006	05	06	184.48
2006	05	07	185.27
2006	05	08	184.64
2006	05	09	199.32
2006	05	10	201.98
2006	05	11	202.04
2006	05	12	199.58
2006	05	13	197.12
2006	05	14	198.13
2006	05	15	194.02
2006	05	16	191.29
2006	05	17	191.79
2006	05	18	189.43
2006	05	19	199.25
2006	05	20	196.24
2006	05	21	194.89
2006	05	22	192.08
2006	05	23	195.83
2006	05	24	192.11
2006	05	25	187.96
2006	05	26	186.25
2006	05	27	183.01
2006	05	28	181.39
2006	05	29	180.92
2006	05	30	189.03
2006	05	31	187.8
2006	06	01	186.55
2006	06	02	185.71
2006	06	03	182.97
2006	06	04	178.42
2006	06	05	174.79
2006	06	06	170.64
2006	06	07	166.31
2006	06	08	161.98
2006	06	09	157.41
2006	06	10	152.95
2006	06	11	148.67
2006	06	12	144.14
2006	06	13	139.85
2006	06	14	135.65
2006	06	15	131.48
2006	06	16	127.43
2006	06	17	125.31
2006	06	18	123.01
2006	06	19	119.83
2006	06	20	127.95
2006	06	21	125.3
2006	06	22	121.59
2006	06	23	121.02
2006	06	24	116.87
2006	06	25	115.17
2006	06	26	125.6
2006	06	27	121.93
2006	06	28	125.6
2006	06	29	122.7
2006	06	30	118.98
2006	07	01	114.67
2006	07	02	110.38
2006	07	03	106.18
2006	07	04	102.12
2006	07	05	99.26
2006	07	06	112.31
2006	07	07	111.09
2006	07	08	109.17
2006	07	09	105.18
2006	07	10	103.37
2006	07	11	99.13
2006	07	12	95.23
2006	07	13	92.19
2006	07	14	89.02
2006	07	15	85.24
2006	07	16	82.27
2006	07	17	78.31
2006	07	18	74.34
2006	07	19	71.07
2006	07	20	67.34
2006	07	21	64.12
2006	07	22	60.48
2006	07	23	57.44
2006	07	24	54
2006	07	25	50.33
2006	07	26	46.9
2006	07	27	45.07
2006	07	28	41.75
2006	07	29	39.81
2006	07	30	37.16
2006	07	31	34.18
2006	08	01	33.32
2006	08	02	32.37
2006	08	03	34.5
2006	08	04	54.83
2006	08	05	60.82
2006	08	06	66.93
2006	08	07	69.71
2006	08	08	67.93
2006	08	09	64.44
2006	08	10	61.52
2006	08	11	60.19
2006	08	12	81.15
2006	08	13	101.22
2006	08	14	111.5
2006	08	15	111.58
2006	08	16	109.9
2006	08	17	130.02
2006	08	18	128.28
2006	08	19	148.17
2006	08	20	147.87
2006	08	21	146.72
2006	08	22	143.89
2006	08	23	142.41
2006	08	24	139.11
2006	08	25	139.48
2006	08	26	137.23
2006	08	27	141.81
2006	08	28	141.06
2006	08	29	151.87
2006	08	30	155.64
2006	08	31	155.78
2006	09	01	152.6
2006	09	02	149.55
2006	09	03	148.49
2006	09	04	146.7
2006	09	05	143.93
2006	09	06	141.15
2006	09	07	140.46
2006	09	08	138.05
2006	09	09	135.61
2006	09	10	133.39
2006	09	11	132.12
2006	09	12	130.64
2006	09	13	129.36
2006	09	14	127.06
2006	09	15	127.04
2006	09	16	126.4
2006	09	17	124.93
2006	09	18	151.36
2006	09	19	162.11
2006	09	20	159.73
2006	09	21	157.33
2006	09	22	154.84
2006	09	23	152.68
2006	09	24	151.56
2006	09	25	150.75
2006	09	26	167.25
2006	09	27	169.6
2006	09	28	168.7
2006	09	29	167.21
2006	09	30	165.38
2006	10	01	167.17
2006	10	02	188.18
2006	10	03	187.7
2006	10	04	194.78
2006	10	05	194.22
2006	10	06	192.79
2006	10	07	191.38
2006	10	08	194.76
2006	10	09	192.85
2006	10	10	191.49
2006	10	11	190.22
2006	10	12	189.37
2006	10	13	187.87
2006	10	14	187.48
2006	10	15	187.13
2006	10	16	186.82
2006	10	17	187.14
2006	10	18	185.93
2006	10	19	185.58
2006	10	20	186.37
2006	10	21	185.55
2006	10	22	186.19
2006	10	23	185.2
2006	10	24	193.65
2006	10	25	195.96
2006	10	26	195.1
2006	10	27	194.26
2006	10	28	193.38
2006	10	29	192.76
2006	10	30	193.64
2006	10	31	193.34
2006	11	01	193.14
2006	11	02	193.21
2006	11	03	192.1
2006	11	04	191.04
2006	11	05	190.06
2006	11	06	189.36
2006	11	07	188.73
2006	11	08	187.99
2006	11	09	187.52
2006	11	10	188.29
2006	11	11	187.8
2006	11	12	188.35
2006	11	13	188.52
2006	11	14	189.48
2006	11	15	189.54
2006	11	16	189.91
2006	11	17	189.93
2006	11	18	191.81
2006	11	19	191.83
2006	11	20	196.78
2006	11	21	196.48
2006	11	22	199.99
2006	11	23	199.66
2006	11	24	199.76
2006	11	25	199.77
2006	11	26	199.67
2006	11	27	199.6
2006	11	28	199.72
2006	11	29	199.99
2006	11	30	203.62
2006	12	01	203.77
2006	12	02	203.67
2006	12	03	204.15
2006	12	04	204.7
2006	12	05	206.73
2006	12	06	206.91
2006	12	07	212.22
2006	12	08	212.4
2006	12	09	215.22
2006	12	10	215.97
2006	12	11	215.89
2006	12	12	215.9
2006	12	13	215.94
2006	12	14	215.71
2006	12	15	215.53
2006	12	16	215.53
2006	12	17	215.53
2006	12	18	215.91
2006	12	19	215.74
2006	12	20	215.76
2006	12	21	215.76
2006	12	22	215.56
2006	12	23	215.56
2006	12	24	215.56
2006	12	25	215.56
2006	12	26	215.56
2006	12	27	215.56
2006	12	28	215.56
2006	12	29	215.56
2006	12	30	215.56
2006	12	31	215.56
2007	01	01	216.13
2007	01	02	217.64
2007	01	03	217.97
2007	01	04	218.07
2007	01	05	218.27
2007	01	06	218.28
2007	01	07	218.29
2007	01	08	218.37
2007	01	09	218.44
2007	01	10	218.46
2007	01	11	218.34
2007	01	12	218.26
2007	01	13	218.32
2007	01	14	217.89
2007	01	15	217.64
2007	01	16	217.67
2007	01	17	217.7
2007	01	18	217.71
2007	01	19	217.9
2007	01	20	217.92
2007	01	21	217.62
2007	01	22	217.52
2007	01	23	217.63
2007	01	24	217.71
2007	01	25	217.71
2007	01	26	217.71
2007	01	27	217.28
2007	01	28	216.83
2007	01	29	216.03
2007	01	30	215.26
2007	01	31	214.5
2007	02	01	214.5
2007	02	02	214.44
2007	02	03	214.66
2007	02	04	214.18
2007	02	05	213.27
2007	02	06	212.53
2007	02	07	213.29
2007	02	08	213.4
2007	02	09	215.07
2007	02	10	214.1
2007	02	11	214.18
2007	02	12	214.28
2007	02	13	215.89
2007	02	14	215.43
2007	02	15	216.13
2007	02	16	215.18
2007	02	17	213.85
2007	02	18	213.11
2007	02	19	211.83
2007	02	20	210.8
2007	02	21	209.44
2007	02	22	208.6
2007	02	23	207.24
2007	02	24	206.01
2007	02	25	208.29
2007	02	26	211.51
2007	02	27	212.95
2007	02	28	212.66
2007	03	01	213.27
2007	03	02	215.79
2007	03	03	216.95
2007	03	04	216.61
2007	03	05	214.9
2007	03	06	214.95
2007	03	07	214.2
2007	03	08	213.84
2007	03	09	213.93
2007	03	10	213.25
2007	03	11	211.29
2007	03	12	209.05
2007	03	13	206.79
2007	03	14	204.71
2007	03	15	202.52
2007	03	16	200.45
2007	03	17	198.46
2007	03	18	196.6
2007	03	19	198.2
2007	03	20	198.31
2007	03	21	198.02
2007	03	22	197.07
2007	03	23	196.64
2007	03	24	197.72
2007	03	25	198.01
2007	03	26	196.79
2007	03	27	194.25
2007	03	28	191.77
2007	03	29	188.89
2007	03	30	186.78
2007	03	31	187.7
2007	04	01	185.33
2007	04	02	182.97
2007	04	03	180.18
2007	04	04	178.84
2007	04	05	180.3
2007	04	06	178.13
2007	04	07	174.97
2007	04	08	171.83
2007	04	09	169.86
2007	04	10	166.65
2007	04	11	163.28
2007	04	12	159.9
2007	04	13	156.89
2007	04	14	154.22
2007	04	15	150.88
2007	04	16	147.39
2007	04	17	143.79
2007	04	18	140.21
2007	04	19	137.56
2007	04	20	134
2007	04	21	130.43
2007	04	22	126.77
2007	04	23	123.07
2007	04	24	119.73
2007	04	25	116.07
2007	04	26	112.51
2007	04	27	109.33
2007	04	28	106.66
2007	04	29	103.62
2007	04	30	100.56
2007	05	01	97.75
2007	05	02	94.27
2007	05	03	112.35
2007	05	04	108.76
2007	05	05	108.88
2007	05	06	131.3
2007	05	07	128.49
2007	05	08	126.66
2007	05	09	127.44
2007	05	10	124.64
2007	05	11	120.32
2007	05	12	118.27
2007	05	13	117.68
2007	05	14	114.15
2007	05	15	134.79
2007	05	16	133.54
2007	05	17	135.18
2007	05	18	147.2
2007	05	19	142.92
2007	05	20	138.4
2007	05	21	135.1
2007	05	22	137.91
2007	05	23	133.87
2007	05	24	137.4
2007	05	25	133.39
2007	05	26	130.09
2007	05	27	128.58
2007	05	28	130.47
2007	05	29	142.31
2007	05	30	141.41
2007	05	31	136.8
2007	06	01	150.57
2007	06	02	154.95
2007	06	03	154.1
2007	06	04	150.93
2007	06	05	146.98
2007	06	06	142.85
2007	06	07	139.98
2007	06	08	142.07
2007	06	09	138.88
2007	06	10	134.69
2007	06	11	132.72
2007	06	12	133.23
2007	06	13	130.27
2007	06	14	139.03
2007	06	15	138.48
2007	06	16	148.58
2007	06	17	144
2007	06	18	168.61
2007	06	19	181.85
2007	06	20	178.22
2007	06	21	177.09
2007	06	22	193.88
2007	06	23	196.38
2007	06	24	193.38
2007	06	25	189.41
2007	06	26	195.58
2007	06	27	194.43
2007	06	28	194.42
2007	06	29	192.19
2007	06	30	187.93
2007	07	01	183.68
2007	07	02	193.51
2007	07	03	196.39
2007	07	04	200.16
2007	07	05	201.9
2007	07	06	200.41
2007	07	07	197.51
2007	07	08	192.75
2007	07	09	196.79
2007	07	10	200.06
2007	07	11	201.17
2007	07	12	201.46
2007	07	13	197.98
2007	07	14	193.23
2007	07	15	188.51
2007	07	16	183.81
2007	07	17	179.59
2007	07	18	176.63
2007	07	19	172.87
2007	07	20	171.55
2007	07	21	173.03
2007	07	22	177.07
2007	07	23	173.52
2007	07	24	195.24
2007	07	25	196.41
2007	07	26	191.97
2007	07	27	187.58
2007	07	28	183.38
2007	07	29	179.42
2007	07	30	191.56
2007	07	31	188.26
2007	08	01	183.8
2007	08	02	179.57
2007	08	03	186.86
2007	08	04	183.71
2007	08	05	179.48
2007	08	06	175.32
2007	08	07	171.61
2007	08	08	187.62
2007	08	09	208.32
2007	08	10	213.56
2007	08	11	211.83
2007	08	12	208.8
2007	08	13	205.59
2007	08	14	202.83
2007	08	15	199.72
2007	08	16	196.49
2007	08	17	197.13
2007	08	18	194.8
2007	08	19	191.06
2007	08	20	187.56
2007	08	21	188.69
2007	08	22	192.41
2007	08	23	189.41
2007	08	24	185.82
2007	08	25	182.31
2007	08	26	178.79
2007	08	27	176.38
2007	08	28	173.66
2007	08	29	172.9
2007	08	30	195.33
2007	08	31	197.2
2007	09	01	194.03
2007	09	02	191.75
2007	09	03	188.48
2007	09	04	188.26
2007	09	05	187.51
2007	09	06	184.18
2007	09	07	181.62
2007	09	08	178.85
2007	09	09	175.87
2007	09	10	173.44
2007	09	11	170.85
2007	09	12	167.81
2007	09	13	164.96
2007	09	14	162.23
2007	09	15	159.84
2007	09	16	157.24
2007	09	17	154.62
2007	09	18	165.01
2007	09	19	175.79
2007	09	20	173.16
2007	09	21	170.55
2007	09	22	168.19
2007	09	23	165.85
2007	09	24	164.37
2007	09	25	162.1
2007	09	26	164.69
2007	09	27	164.18
2007	09	28	166.18
2007	09	29	166.41
2007	09	30	165.71
2007	10	01	167.97
2007	10	02	166.48
2007	10	03	164.92
2007	10	04	163.95
2007	10	05	182.94
2007	10	06	182.94
2007	10	07	182.54
2007	10	08	180.95
2007	10	09	179.92
2007	10	10	178.4
2007	10	11	177.05
2007	10	12	176.19
2007	10	13	175.2
2007	10	14	174.31
2007	10	15	173.18
2007	10	16	172.75
2007	10	17	172.04
2007	10	18	172.25
2007	10	19	171.43
2007	10	20	169.94
2007	10	21	168.51
2007	10	22	167.13
2007	10	23	166.68
2007	10	24	166.96
2007	10	25	167.42
2007	10	26	167.78
2007	10	27	167.96
2007	10	28	167.82
2007	10	29	167.56
2007	10	30	167.06
2007	10	31	170.09
2007	11	01	169.69
2007	11	02	168.88
2007	11	03	168
2007	11	04	168.1
2007	11	05	167.95
2007	11	06	168.01
2007	11	07	167.88
2007	11	08	168.31
2007	11	09	167.74
2007	11	10	170.04
2007	11	11	170.75
2007	11	12	172.03
2007	11	13	171.64
2007	11	14	171.67
2007	11	15	175.3
2007	11	16	175.3
2007	11	17	175.1
2007	11	18	174.52
2007	11	19	174.03
2007	11	20	174.03
2007	11	21	174.4
2007	11	22	176.84
2007	11	23	179.88
2007	11	24	186.41
2007	11	25	186.9
2007	11	26	187.08
2007	11	27	186.64
2007	11	28	186.2
2007	11	29	185.87
2007	11	30	185.87
2007	12	01	186.1
2007	12	02	187.21
2007	12	03	190.4
2007	12	04	195.28
2007	12	05	197.15
2007	12	06	197.52
2007	12	07	198.33
2007	12	08	204.49
2007	12	09	205.76
2007	12	10	209.78
2007	12	11	211.55
2007	12	12	212.53
2007	12	13	212.63
2007	12	14	212.67
2007	12	15	212.67
2007	12	16	212.67
2007	12	17	212.67
2007	12	18	212.67
2007	12	19	212.67
2007	12	20	212.65
2007	12	21	212.65
2007	12	22	212.65
2007	12	23	212.65
2007	12	24	212.65
2007	12	25	212.65
2007	12	26	212.65
2007	12	27	212.65
2007	12	28	212.65
2007	12	29	212.65
2007	12	30	212.47
2007	12	31	213.67
2008	01	01	213.42
2008	01	02	213.4
2008	01	03	213.4
2008	01	04	213.4
2008	01	05	213.4
2008	01	06	214.93
2008	01	07	216.26
2008	01	08	216.85
2008	01	09	216.42
2008	01	10	216.59
2008	01	11	216.27
2008	01	12	215.97
2008	01	13	216.49
2008	01	14	216.5
2008	01	15	216.5
2008	01	16	216.87
2008	01	17	217.47
2008	01	18	217.26
2008	01	19	217.41
2008	01	20	217.43
2008	01	21	216.83
2008	01	22	216.85
2008	01	23	217.4
2008	01	24	216.75
2008	01	25	216.25
2008	01	26	216.1
2008	01	27	216.1
2008	01	28	215.51
2008	01	29	214.83
2008	01	30	214.22
2008	01	31	214.28
2008	02	01	213.92
2008	02	02	213.95
2008	02	03	214.57
2008	02	04	214.57
2008	02	05	214.62
2008	02	06	215.26
2008	02	07	215.93
2008	02	08	214.99
2008	02	09	213.92
2008	02	10	212.87
2008	02	11	211.86
2008	02	12	210.92
2008	02	13	209.99
2008	02	14	208.97
2008	02	15	207.87
2008	02	16	207.87
2008	02	17	207.04
2008	02	18	205.81
2008	02	19	204.53
2008	02	20	203.21
2008	02	21	203.78
2008	02	22	203.92
2008	02	23	202.49
2008	02	24	201.06
2008	02	25	199.52
2008	02	26	198.31
2008	02	27	197.81
2008	02	28	199.19
2008	03	01	198.79
2008	03	02	200.28
2008	03	03	199.11
2008	03	04	199.64
2008	03	05	199.41
2008	03	06	198.82
2008	03	07	196.66
2008	03	08	195.92
2008	03	09	194.26
2008	03	10	193.14
2008	03	11	193.4
2008	03	12	193.85
2008	03	13	195.94
2008	03	14	194.57
2008	03	15	192.99
2008	03	16	193.19
2008	03	17	196.69
2008	03	18	197.04
2008	03	19	195.79
2008	03	20	194.07
2008	03	21	192.41
2008	03	22	197.6
2008	03	23	196.31
2008	03	24	195.58
2008	03	25	194.7
2008	03	26	194.18
2008	03	27	192.79
2008	03	28	192.32
2008	03	29	189.9
2008	03	30	187.19
2008	03	31	184.73
2008	04	01	185.92
2008	04	02	183.63
2008	04	03	184.12
2008	04	04	183.5
2008	04	05	181.13
2008	04	06	180.03
2008	04	07	183.79
2008	04	08	180.4
2008	04	09	180.72
2008	04	10	192.46
2008	04	11	206.2
2008	04	12	208.69
2008	04	13	205.79
2008	04	14	202.33
2008	04	15	202.4
2008	04	16	201.06
2008	04	17	198.04
2008	04	18	197.61
2008	04	19	196.29
2008	04	20	193.57
2008	04	21	192.36
2008	04	22	199.96
2008	04	23	201.28
2008	04	24	200.55
2008	04	25	197.91
2008	04	26	194.89
2008	04	27	190.94
2008	04	28	187.32
2008	04	29	190.28
2008	04	30	187.53
2008	05	01	188.29
2008	05	02	185.01
2008	05	03	182.01
2008	05	04	178.96
2008	05	05	175.27
2008	05	06	171.09
2008	05	07	166.78
2008	05	08	162.59
2008	05	09	158.32
2008	05	10	154.82
2008	05	11	151.4
2008	05	12	157.83
2008	05	13	154.36
2008	05	14	150.02
2008	05	15	148.51
2008	05	16	151.24
2008	05	17	159.18
2008	05	18	159.04
2008	05	19	163.5
2008	05	20	160.78
2008	05	21	160.31
2008	05	22	159.07
2008	05	23	156.83
2008	05	24	152.56
2008	05	25	162.11
2008	05	26	164.2
2008	05	27	165.74
2008	05	28	163.19
2008	05	29	160.03
2008	05	30	158.65
2008	05	31	160.36
2008	06	01	158.7
2008	06	02	156.93
2008	06	03	166.29
2008	06	04	169.4
2008	06	05	169.24
2008	06	06	169.27
2008	06	07	170.52
2008	06	08	173.63
2008	06	09	170.24
2008	06	10	166.09
2008	06	11	162.69
2008	06	12	162.16
2008	06	13	161.31
2008	06	14	157.18
2008	06	15	153.5
2008	06	16	153.25
2008	06	17	162.19
2008	06	18	162.3
2008	06	19	157.36
2008	06	20	153.22
2008	06	21	148.91
2008	06	22	144.22
2008	06	23	139.51
2008	06	24	134.92
2008	06	25	131.89
2008	06	26	128.13
2008	06	27	124.24
2008	06	28	120.03
2008	06	29	115.41
2008	06	30	111.92
2008	07	01	108.04
2008	07	02	103.76
2008	07	03	108.16
2008	07	04	118.49
2008	07	05	113.84
2008	07	06	109.82
2008	07	07	129.39
2008	07	08	127.78
2008	07	09	125.48
2008	07	10	120.81
2008	07	11	116.16
2008	07	12	121.91
2008	07	13	124.33
2008	07	14	144.19
2008	07	15	153.35
2008	07	16	148.67
2008	07	17	144.14
2008	07	18	143.46
2008	07	19	140.16
2008	07	20	135.93
2008	07	21	137.64
2008	07	22	133.87
2008	07	23	130.21
2008	07	24	125.74
2008	07	25	121.27
2008	07	26	117.26
2008	07	27	115.1
2008	07	28	111.76
2008	07	29	107.58
2008	07	30	104.85
2008	07	31	106.9
2008	08	01	103.06
2008	08	02	102.52
2008	08	03	100.27
2008	08	04	96.17
2008	08	05	94.8
2008	08	06	91.62
2008	08	07	88.58
2008	08	08	90.02
2008	08	09	89.1
2008	08	10	85.22
2008	08	11	81.37
2008	08	12	83.67
2008	08	13	134.42
2008	08	14	131.12
2008	08	15	134.27
2008	08	16	142.22
2008	08	17	139.4
2008	08	18	138.15
2008	08	19	134.42
2008	08	20	140.64
2008	08	21	139.11
2008	08	22	135.46
2008	08	23	137.51
2008	08	24	136.52
2008	08	25	132.88
2008	08	26	130.15
2008	08	27	126.99
2008	08	28	123.71
2008	08	29	120.4
2008	08	30	117.41
2008	08	31	114.84
2008	09	01	115.72
2008	09	02	115.98
2008	09	03	113.32
2008	09	04	136.54
2008	09	05	162.46
2008	09	06	160.15
2008	09	07	170.85
2008	09	08	168.96
2008	09	09	165.86
2008	09	10	163.47
2008	09	11	161.46
2008	09	12	160.12
2008	09	13	169.93
2008	09	14	182.05
2008	09	15	184.39
2008	09	16	182.06
2008	09	17	180.19
2008	09	18	178.86
2008	09	19	184.19
2008	09	20	185.97
2008	09	21	183.43
2008	09	22	182.68
2008	09	23	180.12
2008	09	24	178.63
2008	09	25	177.49
2008	09	26	176.57
2008	09	27	175.42
2008	09	28	173.78
2008	09	29	172.36
2008	09	30	170.22
2008	10	01	169.56
2008	10	02	168.47
2008	10	03	168.1
2008	10	04	168.44
2008	10	05	168.07
2008	10	06	166.4
2008	10	07	169.82
2008	10	08	169.34
2008	10	09	171.82
2008	10	10	171.12
2008	10	11	170.36
2008	10	12	169.66
2008	10	13	168.74
2008	10	14	167.75
2008	10	15	166.59
2008	10	16	165.42
2008	10	17	174.13
2008	10	18	172.81
2008	10	19	171.84
2008	10	20	170.71
2008	10	21	170.11
2008	10	22	173.53
2008	10	23	189.11
2008	10	24	189.35
2008	10	25	189.1
2008	10	26	189.14
2008	10	27	188.37
2008	10	28	191.4
2008	10	29	199.84
2008	10	30	207.25
2008	10	31	208.46
2008	11	01	208.85
2008	11	02	208.89
2008	11	03	208.58
2008	11	04	208.37
2008	11	05	208.58
2008	11	06	208.5
2008	11	07	208.4
2008	11	08	208.15
2008	11	09	207.64
2008	11	10	207.66
2008	11	11	207.13
2008	11	12	208.18
2008	11	13	209.37
2008	11	14	209.39
2008	11	15	208.96
2008	11	16	208.37
2008	11	17	208.51
2008	11	18	208.72
2008	11	19	209.13
2008	11	20	208.72
2008	11	21	208.7
2008	11	22	210.1
2008	11	23	210.22
2008	11	24	209.89
2008	11	25	211.27
2008	11	26	210.92
2008	11	27	210.41
2008	11	28	210.23
2008	11	29	210.23
2008	11	30	210.08
2008	12	01	209.77
2008	12	02	209.97
2008	12	03	210.09
2008	12	04	210.1
2008	12	05	211.29
2008	12	06	212.95
2008	12	07	213.87
2008	12	08	213.72
2008	12	09	213.72
2008	12	10	213.72
2008	12	11	213.72
2008	12	12	213.72
2008	12	13	213.72
2008	12	14	213.72
2008	12	15	213.72
2008	12	16	213.72
2008	12	17	213.72
2008	12	18	213.72
2008	12	19	213.72
2008	12	20	214.17
2008	12	21	215.24
2008	12	22	216.4
2008	12	23	216.96
2008	12	24	217.1
2008	12	25	217.15
2008	12	26	217.2
2008	12	27	216.94
2008	12	28	216.94
2008	12	29	216.94
2008	12	30	216.74
2008	12	31	216.74
2009	01	01	216.74
2009	01	02	216.37
2009	01	03	216.37
2009	01	04	216.37
2009	01	05	216.37
2009	01	06	216.37
2009	01	07	216.37
2009	01	08	216.37
2009	01	09	216.37
2009	01	10	216.37
2009	01	11	216.37
2009	01	12	216.37
2009	01	13	216.37
2009	01	14	216.03
2009	01	15	215.96
2009	01	16	215.74
2009	01	17	215.74
2009	01	18	215.63
2009	01	19	215.67
2009	01	20	217.43
2009	01	21	217.89
2009	01	22	217.61
2009	01	23	217.12
2009	01	24	218.24
2009	01	25	218.27
2009	01	26	217.61
2009	01	27	217.18
2009	01	28	216.93
2009	01	29	216.93
2009	01	30	216.93
2009	01	31	216.93
2009	02	01	216.93
2009	02	02	216.93
2009	02	03	216.52
2009	02	04	215.73
2009	02	05	215.38
2009	02	06	215.39
2009	02	07	216.25
2009	02	08	217.11
2009	02	09	217.11
2009	02	10	217.03
2009	02	11	217.85
2009	02	12	217.18
2009	02	13	217.04
2009	02	14	215.65
2009	02	15	214.81
2009	02	16	213.45
2009	02	17	213.14
2009	02	18	213.2
2009	02	19	212.51
2009	02	20	211.14
2009	02	21	210.17
2009	02	22	209.05
2009	02	23	209.27
2009	02	24	211.17
2009	02	25	210.75
2009	02	26	209.25
2009	02	27	209.55
2009	02	28	209.74
2009	03	01	207.96
2009	03	02	207.59
2009	03	03	208.89
2009	03	04	208.78
2009	03	05	208.71
2009	03	06	210.14
2009	03	07	210.69
2009	03	08	208.59
2009	03	09	208.07
2009	03	10	209.56
2009	03	11	210.45
2009	03	12	208.86
2009	03	13	207.91
2009	03	14	205.96
2009	03	15	204.36
2009	03	16	202.73
2009	03	17	200.2
2009	03	18	197.81
2009	03	19	195.37
2009	03	20	192.76
2009	03	21	190.44
2009	03	22	187.74
2009	03	23	185.38
2009	03	24	183.67
2009	03	25	186.64
2009	03	26	187.14
2009	03	27	187.16
2009	03	28	187.13
2009	03	29	192.29
2009	03	30	193.06
2009	03	31	192.83
2009	04	01	192.53
2009	04	02	190.87
2009	04	03	190.48
2009	04	04	188.19
2009	04	05	185.25
2009	04	06	182.29
2009	04	07	179.23
2009	04	08	176.51
2009	04	09	174.93
2009	04	10	171.7
2009	04	11	168.32
2009	04	12	165.6
2009	04	13	163.61
2009	04	14	160.25
2009	04	15	156.92
2009	04	16	154.13
2009	04	17	157.93
2009	04	18	156.2
2009	04	19	153.08
2009	04	20	150.48
2009	04	21	147.82
2009	04	22	145.72
2009	04	23	142.28
2009	04	24	138.42
2009	04	25	135.4
2009	04	26	131.84
2009	04	27	130.53
2009	04	28	131.43
2009	04	29	136.51
2009	04	30	144.07
2009	05	01	141.02
2009	05	02	137.06
2009	05	03	136.21
2009	05	04	134.22
2009	05	05	133.08
2009	05	06	130.91
2009	05	07	127.21
2009	05	08	123.15
2009	05	09	120.88
2009	05	10	117.54
2009	05	11	115.1
2009	05	12	112.49
2009	05	13	113.01
2009	05	14	110.8
2009	05	15	116.38
2009	05	16	118.47
2009	05	17	114.24
2009	05	18	112.35
2009	05	19	113.04
2009	05	20	108.51
2009	05	21	104.14
2009	05	22	100.91
2009	05	23	98.03
2009	05	24	94.44
2009	05	25	90.28
2009	05	26	86.01
2009	05	27	106.72
2009	05	28	103.63
2009	05	29	99.56
2009	05	30	95.75
2009	05	31	92.02
2009	06	01	87.42
2009	06	02	83.53
2009	06	03	79.4
2009	06	04	74.78
2009	06	05	70.2
2009	06	06	67.63
2009	06	07	82.72
2009	06	08	80.53
2009	06	09	78.64
2009	06	10	80.16
2009	06	11	77.65
2009	06	12	76.66
2009	06	13	72.64
2009	06	14	67.9
2009	06	15	67.28
2009	06	16	81.29
2009	06	17	80.84
2009	06	18	76.38
2009	06	19	72.84
2009	06	20	77.21
2009	06	21	73.72
2009	06	22	72.68
2009	06	23	70.84
2009	06	24	68.95
2009	06	25	65.08
2009	06	26	61.82
2009	06	27	74.99
2009	06	28	71.69
2009	06	29	67.42
2009	06	30	63.34
2009	07	01	59.15
2009	07	02	55.99
2009	07	03	52.53
2009	07	04	48.51
2009	07	05	45.7
2009	07	06	43.99
2009	07	07	41.33
2009	07	08	43.58
2009	07	09	47.65
2009	07	10	46.24
2009	07	11	43.5
2009	07	12	40.17
2009	07	13	38.28
2009	07	14	35.04
2009	07	15	37.23
2009	07	16	57.49
2009	07	17	53.45
2009	07	18	77.78
2009	07	19	77.38
2009	07	20	73.92
2009	07	21	69.58
2009	07	22	65.52
2009	07	23	65.27
2009	07	24	73.28
2009	07	25	76.03
2009	07	26	72.39
2009	07	27	68.06
2009	07	28	71.56
2009	07	29	67.34
2009	07	30	63.19
2009	07	31	60.85
2009	08	01	57.91
2009	08	02	53.86
2009	08	03	55.46
2009	08	04	54.91
2009	08	05	51.17
2009	08	06	47.25
2009	08	07	43.39
2009	08	08	40.01
2009	08	09	77.13
2009	08	10	80.84
2009	08	11	80.22
2009	08	12	76.68
2009	08	13	72.9
2009	08	14	69.32
2009	08	15	65.76
2009	08	16	62.14
2009	08	17	58.89
2009	08	18	55.81
2009	08	19	52.54
2009	08	20	49.28
2009	08	21	45.89
2009	08	22	44.28
2009	08	23	41.51
2009	08	24	38.29
2009	08	25	36.67
2009	08	26	46.92
2009	08	27	45.57
2009	08	28	42.52
2009	08	29	40.81
2009	08	30	37.84
2009	08	31	34.66
2009	09	01	31.65
2009	09	02	33.66
2009	09	03	39.62
2009	09	04	47.68
2009	09	05	48.46
2009	09	06	45.41
2009	09	07	42.47
2009	09	08	39.73
2009	09	09	36.97
2009	09	10	34.21
2009	09	11	31.59
2009	09	12	30.4
2009	09	13	29.03
2009	09	14	27.48
2009	09	15	25.08
2009	09	16	24.19
2009	09	17	24.15
2009	09	18	23.03
2009	09	19	21.71
2009	09	20	33.56
2009	09	21	33.13
2009	09	22	31.74
2009	09	23	30.08
2009	09	24	28.35
2009	09	25	26.54
2009	09	26	25.5
2009	09	27	24.13
2009	09	28	22.56
2009	09	29	20.9
2009	09	30	18.89
2009	10	01	17
2009	10	02	15.62
2009	10	03	13.78
2009	10	04	11.99
2009	10	05	10.2
2009	10	06	9.97
2009	10	07	9.63
2009	10	08	8.17
2009	10	09	19.88
2009	10	10	18.89
2009	10	11	26.1
2009	10	12	25.22
2009	10	13	27.08
2009	10	14	25.71
2009	10	15	24.4
2009	10	16	23.02
2009	10	17	22.49
2009	10	18	24.01
2009	10	19	22.99
2009	10	20	21.81
2009	10	21	20.84
2009	10	22	20.82
2009	10	23	20.22
2009	10	24	28.01
2009	10	25	27.55
2009	10	26	28.06
2009	10	27	27.49
2009	10	28	26.44
2009	10	29	25.61
2009	10	30	24.8
2009	10	31	25.31
2009	11	01	24.93
2009	11	02	24.85
2009	11	03	40.99
2009	11	04	42.75
2009	11	05	51.35
2009	11	06	51.86
2009	11	07	51.59
2009	11	08	57.81
2009	11	09	59.37
2009	11	10	61.57
2009	11	11	62.69
2009	11	12	62.19
2009	11	13	62.87
2009	11	14	62.89
2009	11	15	74.18
2009	11	16	77.89
2009	11	17	83.67
2009	11	18	84.6
2009	11	19	91.31
2009	11	20	91.2
2009	11	21	91.66
2009	11	22	91.62
2009	11	23	94.53
2009	11	24	100.87
2009	11	25	109.5
2009	11	26	108.84
2009	11	27	111.2
2009	11	28	111.99
2009	11	29	111.66
2009	11	30	112
2009	12	01	137.58
2009	12	02	138.54
2009	12	03	138.38
2009	12	04	141.44
2009	12	05	141.53
2009	12	06	141.92
2009	12	07	143.92
2009	12	08	160.46
2009	12	09	168.17
2009	12	10	167.83
2009	12	11	168.12
2009	12	12	169.23
2009	12	13	170.97
2009	12	14	170.97
2009	12	15	170.97
2009	12	16	170.97
2009	12	17	170.97
2009	12	18	170.97
2009	12	19	170.97
2009	12	20	170.92
2009	12	21	170.83
2009	12	22	170.83
2009	12	23	186.34
2009	12	24	193.71
2009	12	25	198.76
2009	12	26	200.46
2009	12	27	200.46
2009	12	28	200.55
2009	12	29	201.84
2009	12	30	205.03
2009	12	31	211.92
2010	01	01	213.05
2010	01	02	214.04
2010	01	03	213.81
2010	01	04	213.81
2010	01	05	213.81
2010	01	06	213.81
2010	01	07	213.81
2010	01	08	213.72
2010	01	09	213.72
2010	01	10	213.72
2010	01	11	213.72
2010	01	12	213.72
2010	01	13	213.72
2010	01	14	213.72
2010	01	15	213.73
2010	01	16	213.73
2010	01	17	213.75
2010	01	18	215.08
2010	01	19	214.62
2010	01	20	214.62
2010	01	21	214.62
2010	01	22	214.44
2010	01	23	214.44
2010	01	24	214.08
2010	01	25	214.08
2010	01	26	214.27
2010	01	27	214.27
2010	01	28	214.27
2010	01	29	214.27
2010	01	30	214.29
2010	01	31	213.86
2010	02	01	213.86
2010	02	02	213.56
2010	02	03	213.49
2010	02	04	214.16
2010	02	05	213.59
2010	02	06	215.32
2010	02	07	215.34
2010	02	08	215.41
2010	02	09	214.83
2010	02	10	214.83
2010	02	11	214.74
2010	02	12	214.2
2010	02	13	213.82
2010	02	14	213.25
2010	02	15	213.03
2010	02	16	212.05
2010	02	17	211.06
2010	02	18	210.77
2010	02	19	212.61
2010	02	20	214.13
2010	02	21	213.82
2010	02	22	213.71
2010	02	23	213.29
2010	02	24	213.84
2010	02	25	213.76
2010	02	26	214.19
2010	02	27	214.48
2010	02	28	213.42
2010	03	01	213.26
2010	03	02	211.75
2010	03	03	211.52
2010	03	04	211.09
2010	03	05	210.98
2010	03	06	209.09
2010	03	07	208.81
2010	03	08	208.69
2010	03	09	206.76
2010	03	10	205.36
2010	03	11	204.46
2010	03	12	204.19
2010	03	13	203.15
2010	03	14	200.84
2010	03	15	198.56
2010	03	16	197.8
2010	03	17	196.17
2010	03	18	193.95
2010	03	19	191.91
2010	03	20	189.6
2010	03	21	189.57
2010	03	22	193.86
2010	03	23	192.21
2010	03	24	189.59
2010	03	25	187.12
2010	03	26	185.4
2010	03	27	192.57
2010	03	28	194.21
2010	03	29	193.84
2010	03	30	191.74
2010	03	31	191.4
2010	04	01	189.82
2010	04	02	192.22
2010	04	03	189.14
2010	04	04	192.41
2010	04	05	193.53
2010	04	06	191.08
2010	04	07	187.68
2010	04	08	185.1
2010	04	09	184.04
2010	04	10	181.27
2010	04	11	178.4
2010	04	12	174.95
2010	04	13	174.27
2010	04	14	171.18
2010	04	15	168.37
2010	04	16	167.72
2010	04	17	165.31
2010	04	18	162.01
2010	04	19	159.27
2010	04	20	156.23
2010	04	21	154.54
2010	04	22	151.19
2010	04	23	147.73
2010	04	24	145.61
2010	04	25	141.86
2010	04	26	138.49
2010	04	27	135.08
2010	04	28	131.37
2010	04	29	127.42
2010	04	30	123.53
2010	05	01	121.92
2010	05	02	126.39
2010	05	03	140.25
2010	05	04	142.79
2010	05	05	143.25
2010	05	06	145.39
2010	05	07	145.35
2010	05	08	142.98
2010	05	09	143.44
2010	05	10	146.25
2010	05	11	144.85
2010	05	12	145.95
2010	05	13	149.22
2010	05	14	155.21
2010	05	15	154.18
2010	05	16	155.63
2010	05	17	152.75
2010	05	18	150.81
2010	05	19	147.52
2010	05	20	144.76
2010	05	21	142.99
2010	05	22	139.07
2010	05	23	134.57
2010	05	24	129.89
2010	05	25	125.26
2010	05	26	120.72
2010	05	27	121.97
2010	05	28	120.49
2010	05	29	117.25
2010	05	30	113.8
2010	05	31	120.4
2010	06	01	117.69
2010	06	02	115.26
2010	06	03	114.54
2010	06	04	111.48
2010	06	05	107.83
2010	06	06	103.22
2010	06	07	99.99
2010	06	08	97.4
2010	06	09	96.36
2010	06	10	92.76
2010	06	11	88.51
2010	06	12	87.39
2010	06	13	86
2010	06	14	86.89
2010	06	15	86.01
2010	06	16	86.55
2010	06	17	91.35
2010	06	18	101.38
2010	06	19	102.84
2010	06	20	108.76
2010	06	21	108.05
2010	06	22	105.9
2010	06	23	102.21
2010	06	24	97.81
2010	06	25	93.3
2010	06	26	88.83
2010	06	27	84.26
2010	06	28	79.61
2010	06	29	75.47
2010	06	30	71.99
2010	07	01	67.71
2010	07	02	63.79
2010	07	03	59.61
2010	07	04	56.91
2010	07	05	53.39
2010	07	06	49.02
2010	07	07	45.23
2010	07	08	40.78
2010	07	09	36.58
2010	07	10	32.57
2010	07	11	30.06
2010	07	12	26.54
2010	07	13	23.68
2010	07	14	20.22
2010	07	15	16.92
2010	07	16	14.07
2010	07	17	10.2
2010	07	18	9.16
2010	07	19	5.58
2010	07	20	5.02
2010	07	21	5
2010	07	22	5.87
2010	07	23	7.18
2010	07	24	20.34
2010	07	25	18.55
2010	07	26	15.32
2010	07	27	13.41
2010	07	28	10.04
2010	07	29	9.39
2010	07	30	9.46
2010	07	31	7.4
2010	08	01	5.07
2010	08	02	5.2
2010	08	03	19.56
2010	08	04	17.78
2010	08	05	15.02
2010	08	06	25.57
2010	08	07	21.79
2010	08	08	18.06
2010	08	09	17.82
2010	08	10	14.34
2010	08	11	11.51
2010	08	12	9.66
2010	08	13	20.84
2010	08	14	18.32
2010	08	15	34.88
2010	08	16	48.04
2010	08	17	54.04
2010	08	18	52.51
2010	08	19	52.26
2010	08	20	49.5
2010	08	21	47.57
2010	08	22	44.26
2010	08	23	41.39
2010	08	24	50.9
2010	08	25	49.87
2010	08	26	46.65
2010	08	27	43.58
2010	08	28	62.48
2010	08	29	61.58
2010	08	30	59.35
2010	08	31	62.86
2010	09	01	61.05
2010	09	02	57.77
2010	09	03	55.21
2010	09	04	52.25
2010	09	05	49.31
2010	09	06	46.4
2010	09	07	45.44
2010	09	08	49.33
2010	09	09	46.74
2010	09	10	44.45
2010	09	11	41.55
2010	09	12	38.77
2010	09	13	37.42
2010	09	14	35.05
2010	09	15	33.22
2010	09	16	32.63
2010	09	17	31.56
2010	09	18	29.81
2010	09	19	28.43
2010	09	20	26.01
2010	09	21	23.64
2010	09	22	21.38
2010	09	23	19.21
2010	09	24	17.18
2010	09	25	22.9
2010	09	26	25.87
2010	09	27	30.11
2010	09	28	28.28
2010	09	29	26.9
2010	09	30	25.13
2010	10	01	27.04
2010	10	02	25.66
2010	10	03	23.82
2010	10	04	22.05
2010	10	05	22.98
2010	10	06	22.17
2010	10	07	20.73
2010	10	08	20
2010	10	09	20.16
2010	10	10	20.1
2010	10	11	20.54
2010	10	12	20.03
2010	10	13	19.4
2010	10	14	19.52
2010	10	15	19.76
2010	10	16	18.58
2010	10	17	26.91
2010	10	18	28.21
2010	10	19	28.32
2010	10	20	28.38
2010	10	21	30.47
2010	10	22	29.04
2010	10	23	29.21
2010	10	24	30.43
2010	10	25	45.59
2010	10	26	48.48
2010	10	27	47.34
2010	10	28	46.23
2010	10	29	45.47
2010	10	30	44.41
2010	10	31	44.19
2010	11	01	44.51
2010	11	02	44.03
2010	11	03	44.09
2010	11	04	43.78
2010	11	05	42.99
2010	11	06	42.17
2010	11	07	41.57
2010	11	08	47.58
2010	11	09	48.57
2010	11	10	49.86
2010	11	11	50.69
2010	11	12	58.07
2010	11	13	67.04
2010	11	14	66.49
2010	11	15	71.6
2010	11	16	90.9
2010	11	17	98.88
2010	11	18	99.09
2010	11	19	101.35
2010	11	20	101.16
2010	11	21	101.28
2010	11	22	101.82
2010	11	23	102.8
2010	11	24	103.33
2010	11	25	103.74
2010	11	26	107.58
2010	11	27	107.31
2010	11	28	107.31
2010	11	29	107.31
2010	11	30	107.29
2010	12	01	107.29
2010	12	02	107.29
2010	12	03	106.93
2010	12	04	106.89
2010	12	05	106.48
2010	12	06	106.48
2010	12	07	138.21
2010	12	08	157.29
2010	12	09	171.82
2010	12	10	171.57
2010	12	11	171.57
2010	12	12	171.52
2010	12	13	171.34
2010	12	14	171.34
2010	12	15	171.34
2010	12	16	171.26
2010	12	17	171.05
2010	12	18	171.05
2010	12	19	170.91
2010	12	20	173
2010	12	21	173.59
2010	12	22	176.37
2010	12	23	182.4
2010	12	24	182.68
2010	12	25	182.89
2010	12	26	182.89
2010	12	27	182.55
2010	12	28	182.55
2010	12	29	182.55
2010	12	30	182.55
2010	12	31	182.56
2011	01	01	182.56
2011	01	02	182.56
2011	01	03	182.56
2011	01	04	182.2
2011	01	05	182.2
2011	01	06	181.95
2011	01	07	191.44
2011	01	08	194.32
2011	01	09	195.59
2011	01	10	201.32
2011	01	11	202.04
2011	01	12	202.58
2011	01	13	202.8
2011	01	14	203.35
2011	01	15	203.26
2011	01	16	202.83
2011	01	17	202.57
2011	01	18	202.22
2011	01	19	202.25
2011	01	20	202.37
2011	01	21	202.37
2011	01	22	202.37
2011	01	23	202.37
2011	01	24	201.7
2011	01	25	201.07
2011	01	26	200.92
2011	01	27	200.71
2011	01	28	200.71
2011	01	29	200.71
2011	01	30	200.06
2011	01	31	200.06
2011	02	01	200.06
2011	02	02	200.06
2011	02	03	199.74
2011	02	04	199.66
2011	02	05	200.1
2011	02	06	199.02
2011	02	07	197.94
2011	02	08	196.8
2011	02	09	195.72
2011	02	10	194.59
2011	02	11	193.44
2011	02	12	192.41
2011	02	13	191.45
2011	02	14	190.5
2011	02	15	189.67
2011	02	16	191.77
2011	02	17	192.07
2011	02	18	191.37
2011	02	19	190.43
2011	02	20	189.66
2011	02	21	193.01
2011	02	22	192.71
2011	02	23	192.38
2011	02	24	191.36
2011	02	25	192.19
2011	02	26	192.71
2011	02	27	194.15
2011	02	28	196.1
2011	03	01	196.18
2011	03	02	196.1
2011	03	03	195.28
2011	03	04	193.49
2011	03	05	192.27
2011	03	06	190.61
2011	03	07	189.01
2011	03	08	187.9
2011	03	09	186.07
2011	03	10	184.04
2011	03	11	182.04
2011	03	12	179.9
2011	03	13	179.28
2011	03	14	179.24
2011	03	15	177.38
2011	03	16	175.63
2011	03	17	175.25
2011	03	18	177.24
2011	03	19	176.19
2011	03	20	180.61
2011	03	21	178.18
2011	03	22	175.46
2011	03	23	172.84
2011	03	24	170.19
2011	03	25	167.56
2011	03	26	164.91
2011	03	27	163.3
2011	03	28	162.22
2011	03	29	164.58
2011	03	30	163.35
2011	03	31	164.62
2011	04	01	165.04
2011	04	02	162.64
2011	04	03	159.5
2011	04	04	156.85
2011	04	05	165.74
2011	04	06	162.97
2011	04	07	159.81
2011	04	08	156.56
2011	04	09	153.16
2011	04	10	149.66
2011	04	11	146.28
2011	04	12	142.95
2011	04	13	142.52
2011	04	14	138.98
2011	04	15	136.63
2011	04	16	132.97
2011	04	17	129.33
2011	04	18	125.63
2011	04	19	122.03
2011	04	20	118.48
2011	04	21	114.91
2011	04	22	111.38
2011	04	23	107.78
2011	04	24	105.26
2011	04	25	104.73
2011	04	26	101
2011	04	27	97.2
2011	04	28	94.6
2011	04	29	92.99
2011	04	30	92.1
2011	05	01	88.92
2011	05	02	84.93
2011	05	03	81.27
2011	05	04	88.86
2011	05	05	84.74
2011	05	06	80.46
2011	05	07	76.48
2011	05	08	73.01
2011	05	09	69.49
2011	05	10	65.46
2011	05	11	63.01
2011	05	12	59.52
2011	05	13	74
2011	05	14	69.85
2011	05	15	84.32
2011	05	16	85.67
2011	05	17	82.69
2011	05	18	78.68
2011	05	19	74.33
2011	05	20	70.89
2011	05	21	67.65
2011	05	22	63.48
2011	05	23	60.39
2011	05	24	56.42
2011	05	25	52.1
2011	05	26	47.7
2011	05	27	44.69
2011	05	28	46.42
2011	05	29	42.14
2011	05	30	37.79
2011	05	31	33.46
2011	06	01	45.98
2011	06	02	52.96
2011	06	03	52.55
2011	06	04	50.41
2011	06	05	48.66
2011	06	06	46.97
2011	06	07	49.36
2011	06	08	47.58
2011	06	09	54.33
2011	06	10	52.96
2011	06	11	50.83
2011	06	12	48.74
2011	06	13	44.87
2011	06	14	43.12
2011	06	15	39.07
2011	06	16	35.19
2011	06	17	33.24
2011	06	18	41.34
2011	06	19	60.21
2011	06	20	57.88
2011	06	21	53.63
2011	06	22	49.99
2011	06	23	63.68
2011	06	24	62.08
2011	06	25	59.22
2011	06	26	54.78
2011	06	27	50.14
2011	06	28	45.76
2011	06	29	41.47
2011	06	30	43.94
2011	07	01	40.65
2011	07	02	36.92
2011	07	03	32.43
2011	07	04	27.87
2011	07	05	23.8
2011	07	06	19.6
2011	07	07	17.08
2011	07	08	26.34
2011	07	09	24.74
2011	07	10	28.35
2011	07	11	32.73
2011	07	12	28.42
2011	07	13	28.56
2011	07	14	47.73
2011	07	15	45.04
2011	07	16	40.97
2011	07	17	36.9
2011	07	18	69.18
2011	07	19	66.99
2011	07	20	68.16
2011	07	21	67.6
2011	07	22	70.38
2011	07	23	68.61
2011	07	24	71.54
2011	07	25	69.23
2011	07	26	66.46
2011	07	27	64.43
2011	07	28	61.95
2011	07	29	65.26
2011	07	30	61.55
2011	07	31	58.2
2011	08	01	54.31
2011	08	02	50.3
2011	08	03	46.55
2011	08	04	45.08
2011	08	05	41.68
2011	08	06	44.1
2011	08	07	47.34
2011	08	08	51.61
2011	08	09	49.96
2011	08	10	48.64
2011	08	11	44.76
2011	08	12	40.99
2011	08	13	38.71
2011	08	14	35.23
2011	08	15	41.62
2011	08	16	47.77
2011	08	17	44.75
2011	08	18	41.18
2011	08	19	38.78
2011	08	20	35.71
2011	08	21	32.79
2011	08	22	29.76
2011	08	23	26.82
2011	08	24	24.4
2011	08	25	22.33
2011	08	26	19.53
2011	08	27	21.47
2011	08	28	23.39
2011	08	29	20.15
2011	08	30	17.72
2011	08	31	14.8
2011	09	01	11.93
2011	09	02	15.2
2011	09	03	12.71
2011	09	04	18.01
2011	09	05	37.27
2011	09	06	37.13
2011	09	07	34.21
2011	09	08	33.66
2011	09	09	31.69
2011	09	10	29.97
2011	09	11	27.27
2011	09	12	26.51
2011	09	13	23.84
2011	09	14	21.48
2011	09	15	23.64
2011	09	16	21.76
2011	09	17	20
2011	09	18	27.17
2011	09	19	47.59
2011	09	20	50.32
2011	09	21	48.1
2011	09	22	45.82
2011	09	23	43.92
2011	09	24	41.8
2011	09	25	40.45
2011	09	26	38.39
2011	09	27	36.3
2011	09	28	34.3
2011	09	29	32.38
2011	09	30	30.78
2011	10	01	29.11
2011	10	02	27.9
2011	10	03	26.61
2011	10	04	24.77
2011	10	05	22.93
2011	10	06	21.16
2011	10	07	32.26
2011	10	08	33.61
2011	10	09	37.56
2011	10	10	43.89
2011	10	11	48.15
2011	10	12	46.88
2011	10	13	45.67
2011	10	14	44.13
2011	10	15	42.91
2011	10	16	41.86
2011	10	17	41.33
2011	10	18	40.41
2011	10	19	39.04
2011	10	20	52.49
2011	10	21	51.39
2011	10	22	50.91
2011	10	23	49.99
2011	10	24	48.88
2011	10	25	48.91
2011	10	26	51.58
2011	10	27	50.63
2011	10	28	50.55
2011	10	29	49.97
2011	10	30	49.29
2011	10	31	48.73
2011	11	01	48.54
2011	11	02	48.44
2011	11	03	48.71
2011	11	04	49.17
2011	11	05	49.79
2011	11	06	50.25
2011	11	07	49.93
2011	11	08	60.99
2011	11	09	61.49
2011	11	10	61.7
2011	11	11	62.19
2011	11	12	62.62
2011	11	13	62.25
2011	11	14	62.2
2011	11	15	62.12
2011	11	16	62.58
2011	11	17	62.35
2011	11	18	61.95
2011	11	19	62.21
2011	11	20	62.1
2011	11	21	62.18
2011	11	22	61.73
2011	11	23	62.05
2011	11	24	62.07
2011	11	25	63.09
2011	11	26	63.21
2011	11	27	62.96
2011	11	28	62.61
2011	11	29	62.61
2011	11	30	62.47
2011	12	01	62.51
2011	12	02	62.34
2011	12	03	74.03
2011	12	04	79.35
2011	12	05	81.09
2011	12	06	89.61
2011	12	07	91.11
2011	12	08	101.27
2011	12	09	101.29
2011	12	10	101.66
2011	12	11	101.71
2011	12	12	101.82
2011	12	13	105.92
2011	12	14	108.79
2011	12	15	120.67
2011	12	16	123.51
2011	12	17	136.95
2011	12	18	137.73
2011	12	19	137.81
2011	12	20	137.81
2011	12	21	137.81
2011	12	22	144.66
2011	12	23	148.49
2011	12	24	148.94
2011	12	25	150.95
2011	12	26	150.68
2011	12	27	150.4
2011	12	28	150.4
2011	12	29	150.4
2011	12	30	151.26
2011	12	31	157.98
2012	01	01	163.63
2012	01	02	163.81
2012	01	03	170.77
2012	01	04	170.91
2012	01	05	177.08
2012	01	06	189.52
2012	01	07	189.79
2012	01	08	190.02
2012	01	09	191.06
2012	01	10	191.06
2012	01	11	190.66
2012	01	12	190.81
2012	01	13	190.78
2012	01	14	190.53
2012	01	15	190.04
2012	01	16	189.57
2012	01	17	189.16
2012	01	18	188.72
2012	01	19	188.27
2012	01	20	190.65
2012	01	21	193.66
2012	01	22	194.96
2012	01	23	196.45
2012	01	24	196.48
2012	01	25	197.7
2012	01	26	198.08
2012	01	27	198.57
2012	01	28	201.21
2012	01	29	202.86
2012	01	30	202.87
2012	01	31	202.87
2012	02	01	202.87
2012	02	02	202.78
2012	02	03	202.73
2012	02	04	201.82
2012	02	05	200.82
2012	02	06	199.9
2012	02	07	199.04
2012	02	08	198.48
2012	02	09	198.35
2012	02	10	197.61
2012	02	11	196.65
2012	02	12	195.85
2012	02	13	194.72
2012	02	14	194.16
2012	02	15	193.74
2012	02	16	194.24
2012	02	17	194.54
2012	02	18	193.52
2012	02	19	192.19
2012	02	20	194.2
2012	02	21	192.8
2012	02	22	191.22
2012	02	23	189.67
2012	02	24	189.68
2012	02	25	188.15
2012	02	26	187.59
2012	02	27	187.04
2012	02	28	185.23
2012	03	01	183.59
2012	03	02	182.62
2012	03	03	180.8
2012	03	04	179
2012	03	05	177.51
2012	03	06	177.18
2012	03	07	175.17
2012	03	08	173.4
2012	03	09	174.15
2012	03	10	171.9
2012	03	11	169.69
2012	03	12	167.89
2012	03	13	165.91
2012	03	14	163.52
2012	03	15	161.14
2012	03	16	158.67
2012	03	17	156.18
2012	03	18	154.62
2012	03	19	160.79
2012	03	20	168.92
2012	03	21	166.75
2012	03	22	164.14
2012	03	23	161.61
2012	03	24	159.02
2012	03	25	156.43
2012	03	26	153.79
2012	03	27	150.95
2012	03	28	148.07
2012	03	29	145.11
2012	03	30	142.23
2012	03	31	139.42
2012	04	01	136.37
2012	04	02	133.79
2012	04	03	130.67
2012	04	04	133.27
2012	04	05	140.97
2012	04	06	148.77
2012	04	07	147.35
2012	04	08	151.78
2012	04	09	150.56
2012	04	10	149.34
2012	04	11	155.41
2012	04	12	161.54
2012	04	13	170.38
2012	04	14	169.14
2012	04	15	174.21
2012	04	16	179.97
2012	04	17	182.15
2012	04	18	178.81
2012	04	19	176.61
2012	04	20	176.28
2012	04	21	174.69
2012	04	22	177.81
2012	04	23	178.79
2012	04	24	178.76
2012	04	25	178.2
2012	04	26	176.29
2012	04	27	173.51
2012	04	28	169.77
2012	04	29	167.13
2012	04	30	163.8
2012	05	01	162.9
2012	05	02	167.3
2012	05	03	164.04
2012	05	04	159.83
2012	05	05	155.79
2012	05	06	158.18
2012	05	07	155.45
2012	05	08	152.21
2012	05	09	151.65
2012	05	10	150
2012	05	11	146.09
2012	05	12	141.81
2012	05	13	147.64
2012	05	14	143.93
2012	05	15	139.22
2012	05	16	136.17
2012	05	17	133.4
2012	05	18	129.09
2012	05	19	127.88
2012	05	20	127.08
2012	05	21	123.88
2012	05	22	135.99
2012	05	23	137.76
2012	05	24	135.94
2012	05	25	132.06
2012	05	26	127.58
2012	05	27	123.06
2012	05	28	119.53
2012	05	29	115.03
2012	05	30	110.51
2012	05	31	106.37
2012	06	01	119.84
2012	06	02	116.14
2012	06	03	111.61
2012	06	04	130.14
2012	06	05	132.6
2012	06	06	128.8
2012	06	07	130.79
2012	06	08	138.82
2012	06	09	157.79
2012	06	10	154.16
2012	06	11	156.23
2012	06	12	156.17
2012	06	13	163.37
2012	06	14	165.56
2012	06	15	160.82
2012	06	16	156.4
2012	06	17	151.84
2012	06	18	147.12
2012	06	19	143.29
2012	06	20	141.93
2012	06	21	144.71
2012	06	22	143.84
2012	06	23	138.85
2012	06	24	133.96
2012	06	25	131.14
2012	06	26	138.22
2012	06	27	138.77
2012	06	28	134.27
2012	06	29	130.12
2012	06	30	125.79
2012	07	01	121.96
2012	07	02	141.78
2012	07	03	147.22
2012	07	04	143.92
2012	07	05	152.75
2012	07	06	167.08
2012	07	07	172.72
2012	07	08	168.2
2012	07	09	167.99
2012	07	10	163.56
2012	07	11	162.01
2012	07	12	159
2012	07	13	156.14
2012	07	14	160.51
2012	07	15	156.83
2012	07	16	155.6
2012	07	17	150.91
2012	07	18	146.3
2012	07	19	141.81
2012	07	20	138.07
2012	07	21	140.85
2012	07	22	140.26
2012	07	23	136.29
2012	07	24	131.68
2012	07	25	127.39
2012	07	26	123.12
2012	07	27	118.98
2012	07	28	115
2012	07	29	114.21
2012	07	30	123.89
2012	07	31	120.11
2012	08	01	115.99
2012	08	02	115.46
2012	08	03	112.2
2012	08	04	108.55
2012	08	05	110.27
2012	08	06	121.39
2012	08	07	123.14
2012	08	08	119.51
2012	08	09	115.47
2012	08	10	111.86
2012	08	11	107.88
2012	08	12	103.96
2012	08	13	100.98
2012	08	14	97.56
2012	08	15	94.16
2012	08	16	90.75
2012	08	17	96.64
2012	08	18	92.92
2012	08	19	89.23
2012	08	20	85.74
2012	08	21	82.88
2012	08	22	80.17
2012	08	23	77.19
2012	08	24	77.12
2012	08	25	88.49
2012	08	26	89.43
2012	08	27	86.29
2012	08	28	82.84
2012	08	29	80.85
2012	08	30	81.27
2012	08	31	90.45
2012	09	01	95.19
2012	09	02	102.51
2012	09	03	100.9
2012	09	04	100.38
2012	09	05	98.81
2012	09	06	97.84
2012	09	07	96.06
2012	09	08	93.63
2012	09	09	90.75
2012	09	10	88.15
2012	09	11	85.55
2012	09	12	94.21
2012	09	13	111.5
2012	09	14	109.91
2012	09	15	107.22
2012	09	16	105.15
2012	09	17	102.58
2012	09	18	100.6
2012	09	19	107.21
2012	09	20	107.47
2012	09	21	105.16
2012	09	22	105.94
2012	09	23	119.04
2012	09	24	117.94
2012	09	25	132.79
2012	09	26	132
2012	09	27	147.31
2012	09	28	147.9
2012	09	29	146.04
2012	09	30	159.43
2012	10	01	160.13
2012	10	02	159.05
2012	10	03	157.08
2012	10	04	156.1
2012	10	05	157.78
2012	10	06	155.91
2012	10	07	154.55
2012	10	08	160.46
2012	10	09	162.77
2012	10	10	183.04
2012	10	11	188.21
2012	10	12	187.15
2012	10	13	190.13
2012	10	14	188.83
2012	10	15	190.25
2012	10	16	190.79
2012	10	17	190.08
2012	10	18	188.91
2012	10	19	188.71
2012	10	20	187.56
2012	10	21	186.43
2012	10	22	185.46
2012	10	23	184.25
2012	10	24	184.82
2012	10	25	185.15
2012	10	26	185.44
2012	10	27	186.62
2012	10	28	198.16
2012	10	29	198.18
2012	10	30	197.15
2012	10	31	196.03
2012	11	01	196.1
2012	11	02	197.77
2012	11	03	198.08
2012	11	04	197.51
2012	11	05	208.07
2012	11	06	208.14
2012	11	07	209.14
2012	11	08	208.83
2012	11	09	208.61
2012	11	10	208.08
2012	11	11	215.06
2012	11	12	215.91
2012	11	13	215.92
2012	11	14	215.95
2012	11	15	215.32
2012	11	16	215.37
2012	11	17	215.41
2012	11	18	215.36
2012	11	19	215.13
2012	11	20	215.21
2012	11	21	215.09
2012	11	22	215.12
2012	11	23	215.19
2012	11	24	214.99
2012	11	25	215.01
2012	11	26	215.26
2012	11	27	217.05
2012	11	28	218.4
2012	11	29	218.79
2012	11	30	219.1
2012	12	01	219.1
2012	12	02	219.1
2012	12	03	218.86
2012	12	04	218.86
2012	12	05	219.28
2012	12	06	219.34
2012	12	07	219.34
2012	12	08	219.34
2012	12	09	219.34
2012	12	10	219.34
2012	12	11	219.35
2012	12	12	219.23
2012	12	13	218.87
2012	12	14	218.87
2012	12	15	218.87
2012	12	16	219.34
2012	12	17	219.38
2012	12	18	219.48
2012	12	19	219.55
2012	12	20	219.56
2012	12	21	219.56
2012	12	22	219.66
2012	12	23	219.72
2012	12	24	219.72
2012	12	25	219.59
2012	12	26	219.68
2012	12	27	219.7
2012	12	28	219.8
2012	12	29	219.81
2012	12	30	219.81
2012	12	31	219.65
